0
-4.90869e-12
-1.96344e-11
-4.41764e-11
-7.8533e-11
-1.22702e-10
-1.76681e-10
-2.40466e-10
-3.14054e-10
-3.9744e-10
-4.90619e-10
-5.93585e-10
-7.06332e-10
-8.28852e-10
-9.61139e-10
-1.10318e-09
-1.25498e-09
-1.41651e-09
-1.58778e-09
-1.76876e-09
-1.95945e-09
-2.15984e-09
-2.36991e-09
-2.58966e-09
-2.81906e-09
-3.0581e-09
-3.30678e-09
-3.56506e-09
-3.83295e-09
-4.11041e-09
-4.39744e-09
-4.69402e-09
-5.00012e-09
-5.31573e-09
-5.64083e-09
-5.9754e-09
-6.31942e-09
-6.67287e-09
-7.03572e-09
-7.40796e-09
-7.78956e-09
-8.18049e-09
-8.58074e-09
-8.99027e-09
-9.40907e-09
-9.8371e-09
-1.02743e-08
-1.07208e-08
-1.11764e-08
-1.16411e-08
-1.21149e-08
-1.25978e-08
-1.30897e-08
-1.35906e-08
-1.41005e-08
-1.46194e-08
-1.51472e-08
-1.56838e-08
-1.62293e-08
-1.67837e-08
-1.73468e-08
-1.79186e-08
-1.84992e-08
-1.90884e-08
-1.96863e-08
-2.02928e-08
-2.09078e-08
-2.15314e-08
-2.21635e-08
-2.2804e-08
-2.34529e-08
-2.41102e-08
-2.47759e-08
-2.54498e-08
-2.61319e-08
-2.68223e-08
-2.75208e-08
-2.82275e-08
-2.89422e-08
-2.9665e-08
-3.03957e-08
-3.11344e-08
-3.1881e-08
-3.26355e-08
-3.33977e-08
-3.41677e-08
-3.49454e-08
-3.57308e-08
-3.65238e-08
-3.73243e-08
-3.81324e-08
-3.89479e-08
-3.97709e-08
-4.06012e-08
-4.14388e-08
-4.22837e-08
-4.31358e-08
-4.3995e-08
-4.48614e-08
-4.57348e-08
-4.66152e-08
-4.75025e-08
-4.83967e-08
-4.92978e-08
-5.02056e-08
-5.11202e-08
-5.20414e-08
-5.29692e-08
-5.39036e-08
-5.48445e-08
-5.57918e-08
-5.67455e-08
-5.77055e-08
-5.86717e-08
-5.96442e-08
-6.06228e-08
-6.16074e-08
-6.25981e-08
-6.35948e-08
-6.45973e-08
-6.56057e-08
-6.66198e-08
-6.76397e-08
-6.86652e-08
-6.96962e-08
-7.07328e-08
-7.17749e-08
-7.28223e-08
-7.38751e-08
-7.49331e-08
-7.59963e-08
-7.70647e-08
-7.81381e-08
-7.92165e-08
-8.02998e-08
-8.1388e-08
-8.2481e-08
-8.35788e-08
-8.46812e-08
-8.57882e-08
-8.68997e-08
-8.80156e-08
-8.9136e-08
-9.02607e-08
-9.13896e-08
-9.25227e-08
-9.36599e-08
-9.48012e-08
-9.59464e-08
-9.70955e-08
-9.82485e-08
-9.94052e-08
-1.00566e-07
-1.0173e-07
-1.02897e-07
-1.04068e-07
-1.05243e-07
-1.0642e-07
-1.07601e-07
-1.08786e-07
-1.09973e-07
-1.11163e-07
-1.12356e-07
-1.13553e-07
-1.14752e-07
-1.15953e-07
-1.17158e-07
-1.18365e-07
-1.19574e-07
-1.20786e-07
-1.22e-07
-1.23217e-07
-1.24436e-07
-1.25657e-07
-1.2688e-07
-1.28105e-07
-1.29332e-07
-1.3056e-07
-1.31791e-07
-1.33023e-07
-1.34257e-07
-1.35492e-07
-1.36729e-07
-1.37967e-07
-1.39207e-07
-1.40448e-07
-1.41689e-07
-1.42932e-07
-1.44176e-07
-1.45421e-07
-1.46667e-07
-1.47914e-07
-1.49161e-07
-1.50409e-07
-1.51657e-07
-1.52906e-07
-1.54155e-07
-1.55404e-07
-1.56654e-07
-1.57904e-07
-1.59154e-07
-1.60404e-07
-1.61654e-07
-1.62904e-07
-1.64153e-07
-1.65402e-07
-1.66651e-07
-1.679e-07
-1.69147e-07
-1.70395e-07
-1.71641e-07
-1.72887e-07
-1.74132e-07
-1.75376e-07
-1.76619e-07
-1.77861e-07
-1.79101e-07
-1.80341e-07
-1.81579e-07
-1.82816e-07
-1.84051e-07
-1.85285e-07
-1.86517e-07
-1.87748e-07
-1.88977e-07
-1.90204e-07
-1.91429e-07
-1.92652e-07
-1.93873e-07
-1.95091e-07
-1.96308e-07
-1.97522e-07
-1.98734e-07
-1.99944e-07
-2.01151e-07
-2.02355e-07
-2.03557e-07
-2.04756e-07
-2.05952e-07
-2.07145e-07
-2.08335e-07
-2.09523e-07
-2.10707e-07
-2.11888e-07
-2.13066e-07
-2.1424e-07
-2.15411e-07
-2.16579e-07
-2.17743e-07
-2.18903e-07
-2.2006e-07
-2.21213e-07
-2.22362e-07
-2.23507e-07
-2.24648e-07
-2.25786e-07
-2.26919e-07
-2.28048e-07
-2.29172e-07
-2.30293e-07
-2.31409e-07
-2.3252e-07
-2.33627e-07
-2.34729e-07
-2.35827e-07
-2.3692e-07
-2.38008e-07
-2.39092e-07
-2.4017e-07
-2.41244e-07
-2.42312e-07
-2.43375e-07
-2.44433e-07
-2.45486e-07
-2.46533e-07
-2.47575e-07
-2.48612e-07
-2.49643e-07
-2.50669e-07
-2.51688e-07
-2.52703e-07
-2.53711e-07
-2.54713e-07
-2.5571e-07
-2.56701e-07
-2.57685e-07
-2.58664e-07
-2.59637e-07
-2.60603e-07
-2.61563e-07
-2.62516e-07
-2.63464e-07
-2.64405e-07
-2.65339e-07
-2.66267e-07
-2.67188e-07
-2.68103e-07
-2.6901e-07
-2.69912e-07
-2.70806e-07
-2.71693e-07
-2.72573e-07
-2.73447e-07
-2.74313e-07
-2.75172e-07
-2.76025e-07
-2.76869e-07
-2.77707e-07
-2.78537e-07
-2.7936e-07
-2.80176e-07
-2.80984e-07
-2.81784e-07
-2.82577e-07
-2.83363e-07
-2.84141e-07
-2.84911e-07
-2.85673e-07
-2.86427e-07
-2.87174e-07
-2.87913e-07
-2.88643e-07
-2.89366e-07
-2.90081e-07
-2.90787e-07
-2.91486e-07
-2.92176e-07
-2.92858e-07
-2.93532e-07
-2.94198e-07
-2.94855e-07
-2.95504e-07
-2.96145e-07
-2.96777e-07
-2.974e-07
-2.98015e-07
-2.98622e-07
-2.9922e-07
-2.99809e-07
-3.0039e-07
-3.00961e-07
-3.01525e-07
-3.02079e-07
-3.02624e-07
-3.03161e-07
-3.03689e-07
-3.04208e-07
-3.04718e-07
-3.05219e-07
-3.0571e-07
-3.06193e-07
-3.06667e-07
-3.07132e-07
-3.07587e-07
-3.08034e-07
-3.08471e-07
-3.08899e-07
-3.09318e-07
-3.09728e-07
-3.10128e-07
-3.10519e-07
-3.109e-07
-3.11273e-07
-3.11635e-07
-3.11989e-07
-3.12333e-07
-3.12667e-07
-3.12993e-07
-3.13308e-07
-3.13614e-07
-3.13911e-07
-3.14198e-07
-3.14475e-07
-3.14743e-07
-3.15001e-07
-3.1525e-07
-3.15489e-07
-3.15719e-07
-3.15938e-07
-3.16148e-07
-3.16349e-07
-3.16539e-07
-3.1672e-07
-3.16892e-07
-3.17053e-07
-3.17205e-07
-3.17347e-07
-3.17479e-07
-3.17602e-07
-3.17715e-07
-3.17818e-07
-3.17911e-07
-3.17994e-07
-3.18068e-07
-3.18132e-07
-3.18186e-07
-3.1823e-07
-3.18264e-07
-3.18289e-07
-3.18303e-07
-3.18308e-07
-3.18303e-07
-3.18289e-07
-3.18264e-07
-3.1823e-07
-3.18186e-07
-3.18132e-07
-3.18068e-07
-3.17994e-07
-3.17911e-07
-3.17818e-07
-3.17715e-07
-3.17602e-07
-3.17479e-07
-3.17347e-07
-3.17205e-07
-3.17053e-07
-3.16892e-07
-3.1672e-07
-3.16539e-07
-3.16349e-07
-3.16148e-07
-3.15938e-07
-3.15719e-07
-3.15489e-07
-3.1525e-07
-3.15001e-07
-3.14743e-07
-3.14475e-07
-3.14198e-07
-3.13911e-07
-3.13614e-07
-3.13308e-07
-3.12993e-07
-3.12667e-07
-3.12333e-07
-3.11989e-07
-3.11635e-07
-3.11273e-07
-3.109e-07
-3.10519e-07
-3.10128e-07
-3.09728e-07
-3.09318e-07
-3.08899e-07
-3.08471e-07
-3.08034e-07
-3.07587e-07
-3.07132e-07
-3.06667e-07
-3.06193e-07
-3.0571e-07
-3.05219e-07
-3.04718e-07
-3.04208e-07
-3.03689e-07
-3.03161e-07
-3.02624e-07
-3.02079e-07
-3.01525e-07
-3.00961e-07
-3.0039e-07
-2.99809e-07
-2.9922e-07
-2.98622e-07
-2.98015e-07
-2.974e-07
-2.96777e-07
-2.96145e-07
-2.95504e-07
-2.94855e-07
-2.94198e-07
-2.93532e-07
-2.92858e-07
-2.92176e-07
-2.91486e-07
-2.90787e-07
-2.90081e-07
-2.89366e-07
-2.88643e-07
-2.87913e-07
-2.87174e-07
-2.86427e-07
-2.85673e-07
-2.84911e-07
-2.84141e-07
-2.83363e-07
-2.82577e-07
-2.81784e-07
-2.80984e-07
-2.80176e-07
-2.7936e-07
-2.78537e-07
-2.77707e-07
-2.76869e-07
-2.76025e-07
-2.75172e-07
-2.74313e-07
-2.73447e-07
-2.72573e-07
-2.71693e-07
-2.70806e-07
-2.69912e-07
-2.6901e-07
-2.68103e-07
-2.67188e-07
-2.66267e-07
-2.65339e-07
-2.64405e-07
-2.63464e-07
-2.62516e-07
-2.61563e-07
-2.60603e-07
-2.59637e-07
-2.58664e-07
-2.57685e-07
-2.56701e-07
-2.5571e-07
-2.54713e-07
-2.53711e-07
-2.52703e-07
-2.51688e-07
-2.50669e-07
-2.49643e-07
-2.48612e-07
-2.47575e-07
-2.46533e-07
-2.45486e-07
-2.44433e-07
-2.43375e-07
-2.42312e-07
-2.41244e-07
-2.4017e-07
-2.39092e-07
-2.38008e-07
-2.3692e-07
-2.35827e-07
-2.34729e-07
-2.33627e-07
-2.3252e-07
-2.31409e-07
-2.30293e-07
-2.29172e-07
-2.28048e-07
-2.26919e-07
-2.25786e-07
-2.24648e-07
-2.23507e-07
-2.22362e-07
-2.21213e-07
-2.2006e-07
-2.18903e-07
-2.17743e-07
-2.16579e-07
-2.15411e-07
-2.1424e-07
-2.13066e-07
-2.11888e-07
-2.10707e-07
-2.09523e-07
-2.08335e-07
-2.07145e-07
-2.05952e-07
-2.04756e-07
-2.03557e-07
-2.02355e-07
-2.01151e-07
-1.99944e-07
-1.98734e-07
-1.97522e-07
-1.96308e-07
-1.95091e-07
-1.93873e-07
-1.92652e-07
-1.91429e-07
-1.90204e-07
-1.88977e-07
-1.87748e-07
-1.86517e-07
-1.85285e-07
-1.84051e-07
-1.82816e-07
-1.81579e-07
-1.80341e-07
-1.79101e-07
-1.77861e-07
-1.76619e-07
-1.75376e-07
-1.74132e-07
-1.72887e-07
-1.71641e-07
-1.70395e-07
-1.69147e-07
-1.679e-07
-1.66651e-07
-1.65402e-07
-1.64153e-07
-1.62904e-07
-1.61654e-07
-1.60404e-07
-1.59154e-07
-1.57904e-07
-1.56654e-07
-1.55404e-07
-1.54155e-07
-1.52906e-07
-1.51657e-07
-1.50409e-07
-1.49161e-07
-1.47914e-07
-1.46667e-07
-1.45421e-07
-1.44176e-07
-1.42932e-07
-1.41689e-07
-1.40448e-07
-1.39207e-07
-1.37967e-07
-1.36729e-07
-1.35492e-07
-1.34257e-07
-1.33023e-07
-1.31791e-07
-1.3056e-07
-1.29332e-07
-1.28105e-07
-1.2688e-07
-1.25657e-07
-1.24436e-07
-1.23217e-07
-1.22e-07
-1.20786e-07
-1.19574e-07
-1.18365e-07
-1.17158e-07
-1.15953e-07
-1.14752e-07
-1.13553e-07
-1.12356e-07
-1.11163e-07
-1.09973e-07
-1.08786e-07
-1.07601e-07
-1.0642e-07
-1.05243e-07
-1.04068e-07
-1.02897e-07
-1.0173e-07
-1.00566e-07
-9.94052e-08
-9.82485e-08
-9.70955e-08
-9.59464e-08
-9.48012e-08
-9.36599e-08
-9.25227e-08
-9.13896e-08
-9.02607e-08
-8.9136e-08
-8.80156e-08
-8.68997e-08
-8.57882e-08
-8.46812e-08
-8.35788e-08
-8.2481e-08
-8.1388e-08
-8.02998e-08
-7.92165e-08
-7.81381e-08
-7.70647e-08
-7.59963e-08
-7.49331e-08
-7.38751e-08
-7.28223e-08
-7.17749e-08
-7.07328e-08
-6.96962e-08
-6.86652e-08
-6.76397e-08
-6.66198e-08
-6.56057e-08
-6.45973e-08
-6.35948e-08
-6.25981e-08
-6.16074e-08
-6.06228e-08
-5.96442e-08
-5.86717e-08
-5.77055e-08
-5.67455e-08
-5.57918e-08
-5.48445e-08
-5.39036e-08
-5.29692e-08
-5.20414e-08
-5.11202e-08
-5.02056e-08
-4.92978e-08
-4.83967e-08
-4.75025e-08
-4.66152e-08
-4.57348e-08
-4.48614e-08
-4.3995e-08
-4.31358e-08
-4.22837e-08
-4.14388e-08
-4.06012e-08
-3.97709e-08
-3.89479e-08
-3.81324e-08
-3.73243e-08
-3.65238e-08
-3.57308e-08
-3.49454e-08
-3.41677e-08
-3.33977e-08
-3.26355e-08
-3.1881e-08
-3.11344e-08
-3.03957e-08
-2.9665e-08
-2.89422e-08
-2.82275e-08
-2.75208e-08
-2.68223e-08
-2.61319e-08
-2.54498e-08
-2.47759e-08
-2.41102e-08
-2.34529e-08
-2.2804e-08
-2.21635e-08
-2.15314e-08
-2.09078e-08
-2.02928e-08
-1.96863e-08
-1.90884e-08
-1.84992e-08
-1.79186e-08
-1.73468e-08
-1.67837e-08
-1.62293e-08
-1.56838e-08
-1.51472e-08
-1.46194e-08
-1.41005e-08
-1.35906e-08
-1.30897e-08
-1.25978e-08
-1.21149e-08
-1.16411e-08
-1.11764e-08
-1.07208e-08
-1.02743e-08
-9.8371e-09
-9.40907e-09
-8.99027e-09
-8.58074e-09
-8.18049e-09
-7.78956e-09
-7.40796e-09
-7.03572e-09
-6.67287e-09
-6.31942e-09
-5.9754e-09
-5.64083e-09
-5.31573e-09
-5.00012e-09
-4.69402e-09
-4.39744e-09
-4.11041e-09
-3.83295e-09
-3.56506e-09
-3.30678e-09
-3.0581e-09
-2.81906e-09
-2.58966e-09
-2.36991e-09
-2.15984e-09
-1.95945e-09
-1.76876e-09
-1.58778e-09
-1.41651e-09
-1.25498e-09
-1.10318e-09
-9.61139e-10
-8.28852e-10
-7.06332e-10
-5.93585e-10
-4.90619e-10
-3.9744e-10
-3.14054e-10
-2.40466e-10
-1.76681e-10
-1.22702e-10
-7.8533e-11
-4.41764e-11
-1.96344e-11
-4.90869e-12
1.11908e-22
1.12061e-22
1.12061e-22
1.12061e-22
1.12061e-22
1.12061e-22
1.12061e-22
1.12061e-22
1.12061e-22
1.12061e-22
1.12061e-22
1.12061e-22
1.12061e-22
1.12061e-22
1.12061e-22
1.12061e-22
1.12061e-22
1.12061e-22
1.12061e-22
1.12061e-22
1.12061e-22
1.12061e-22
1.12061e-22
1.12061e-22
1.12061e-22
1.12061e-22
1.12061e-22
1.12061e-22
1.12061e-22
1.12061e-22
1.12061e-22
1.12061e-22
1.12061e-22
1.12061e-22
1.12061e-22
1.12061e-22
1.12061e-22
1.12061e-22
1.12061e-22
1.12061e-22
1.12061e-22
1.12061e-22
1.12061e-22
1.12061e-22
1.12061e-22
1.12061e-22
1.12061e-22
1.12061e-22
1.12061e-22
1.12061e-22
1.12061e-22
1.12061e-22
1.12061e-22
1.12061e-22
1.12061e-22
1.12061e-22
1.12061e-22
1.12061e-22
1.12061e-22
1.12061e-22
1.12061e-22
1.12061e-22
1.12061e-22
1.12061e-22
1.12061e-22
1.12061e-22
1.12061e-22
1.12061e-22
1.12061e-22
1.12061e-22
1.12061e-22
1.12061e-22
1.12061e-22
1.12061e-22
1.12061e-22
1.12061e-22
1.12061e-22
1.12061e-22
1.12061e-22
1.12061e-22
1.12061e-22
1.12061e-22
1.12061e-22
1.12061e-22
1.12061e-22
1.12061e-22
1.12061e-22
1.12061e-22
1.12061e-22
1.12061e-22
1.12061e-22
1.12061e-22
1.12061e-22
1.12061e-22
1.12061e-22
1.12061e-22
1.12061e-22
1.12061e-22
1.12061e-22
1.12061e-22
1.12061e-22
1.12061e-22
1.12061e-22
1.12061e-22
1.12061e-22
1.12061e-22
1.12061e-22
1.12061e-22
1.12061e-22
1.12061e-22
1.12061e-22
1.12061e-22
1.12061e-22
1.12061e-22
1.12061e-22
1.12061e-22
1.12061e-22
1.12061e-22
1.12061e-22
1.12061e-22
1.12061e-22
1.12061e-22
1.12061e-22
1.12061e-22
1.12061e-22
1.12061e-22
1.12061e-22
1.12061e-22
1.12061e-22
1.12061e-22
1.12061e-22
1.12061e-22
1.12061e-22
1.12061e-22
1.12061e-22
1.12061e-22
1.12061e-22
1.12061e-22
1.12061e-22
1.12061e-22
1.12061e-22
1.12061e-22
1.12061e-22
1.12061e-22
1.12061e-22
1.12061e-22
1.12061e-22
1.12061e-22
1.12061e-22
1.12061e-22
1.12061e-22
1.12061e-22
1.12061e-22
1.12061e-22
1.12061e-22
1.12061e-22
1.12061e-22
1.12061e-22
1.12061e-22
1.12061e-22
1.12061e-22
1.12061e-22
1.12061e-22
1.12061e-22
1.12061e-22
1.12061e-22
1.12061e-22
1.12061e-22
1.12061e-22
1.12061e-22
1.12061e-22
1.12061e-22
1.12061e-22
1.12061e-22
1.12061e-22
1.12061e-22
1.12061e-22
1.12061e-22
1.12061e-22
1.12061e-22
1.12061e-22
1.12061e-22
1.12061e-22
1.12061e-22
1.12061e-22
1.12061e-22
1.12061e-22
1.12061e-22
1.12061e-22
1.12061e-22
1.12061e-22
1.12061e-22
1.12061e-22
1.12061e-22
1.12061e-22
1.12061e-22
1.12061e-22
1.12061e-22
1.12061e-22
1.12061e-22
1.12061e-22
1.12061e-22
1.12061e-22
1.12061e-22
1.12061e-22
1.12061e-22
1.12061e-22
1.12061e-22
1.12061e-22
1.12061e-22
1.12061e-22
1.12061e-22
1.12061e-22
1.12061e-22
1.12061e-22
1.12061e-22
1.12061e-22
1.12061e-22
1.12061e-22
1.12061e-22
1.12061e-22
1.12061e-22
1.12061e-22
1.12061e-22
1.12061e-22
1.12061e-22
1.12061e-22
1.12061e-22
1.12061e-22
1.12061e-22
1.12061e-22
1.12061e-22
1.12061e-22
1.12061e-22
1.12061e-22
1.12061e-22
1.12061e-22
1.12061e-22
1.12061e-22
1.12061e-22
1.12061e-22
1.12061e-22
1.12061e-22
1.12061e-22
1.12061e-22
1.12061e-22
1.12061e-22
1.12061e-22
1.12061e-22
1.12061e-22
1.12061e-22
1.12061e-22
1.12061e-22
1.12061e-22
1.12061e-22
1.12061e-22
1.12061e-22
1.12061e-22
1.12061e-22
1.12061e-22
1.12061e-22
1.12061e-22
1.12061e-22
1.12061e-22
1.12061e-22
1.12061e-22
1.12061e-22
1.12061e-22
1.12061e-22
1.12061e-22
1.12061e-22
1.12061e-22
1.12061e-22
1.12061e-22
1.12061e-22
1.12061e-22
1.12061e-22
1.12061e-22
1.12061e-22
1.12061e-22
1.12061e-22
1.12061e-22
1.12061e-22
1.12061e-22
1.12061e-22
1.12061e-22
1.12061e-22
1.12061e-22
1.12061e-22
1.12061e-22
1.12061e-22
1.12061e-22
1.12061e-22
1.12061e-22
1.12061e-22
1.12061e-22
1.12061e-22
1.12061e-22
1.12061e-22
1.12061e-22
1.12061e-22
1.12061e-22
1.12061e-22
1.12061e-22
1.12061e-22
1.12061e-22
1.12061e-22
1.12061e-22
1.12061e-22
1.12061e-22
1.12061e-22
1.12061e-22
1.12061e-22
1.12061e-22
1.12061e-22
1.12061e-22
1.12061e-22
1.12061e-22
1.12061e-22
1.12061e-22
1.12061e-22
1.12061e-22
1.12061e-22
1.12061e-22
1.12061e-22
1.12061e-22
1.12061e-22
1.12061e-22
1.12061e-22
1.12061e-22
1.12061e-22
1.12061e-22
1.12061e-22
1.12061e-22
1.12061e-22
1.12061e-22
1.12061e-22
1.12061e-22
1.12061e-22
1.12061e-22
1.12061e-22
1.12061e-22
1.12061e-22
1.12061e-22
1.12061e-22
1.12061e-22
1.12061e-22
1.12061e-22
1.12061e-22
1.12061e-22
1.12061e-22
1.12061e-22
1.12061e-22
1.12061e-22
1.12061e-22
1.12061e-22
1.12061e-22
1.12061e-22
1.12061e-22
1.12061e-22
1.12061e-22
1.12061e-22
1.12061e-22
1.12061e-22
1.12061e-22
1.12061e-22
1.12061e-22
1.12061e-22
1.12061e-22
1.12061e-22
1.12061e-22
1.12061e-22
1.12061e-22
1.12061e-22
1.12061e-22
1.12061e-22
1.12061e-22
1.12061e-22
1.12061e-22
1.12061e-22
1.12061e-22
1.12061e-22
1.12061e-22
1.12061e-22
1.12061e-22
1.12061e-22
1.12061e-22
1.12061e-22
1.12061e-22
1.12061e-22
1.12061e-22
1.12061e-22
1.12061e-22
1.12061e-22
1.12061e-22
1.12061e-22
1.12061e-22
1.12061e-22
1.12061e-22
1.12061e-22
1.12061e-22
1.12061e-22
1.12061e-22
1.12061e-22
1.12061e-22
1.12061e-22
1.12061e-22
1.12061e-22
1.12061e-22
1.12061e-22
1.12061e-22
1.12061e-22
1.12061e-22
1.12061e-22
1.12061e-22
1.12061e-22
1.12061e-22
1.12061e-22
1.12061e-22
1.12061e-22
1.12061e-22
1.12061e-22
1.12061e-22
1.12061e-22
1.12061e-22
1.12061e-22
1.12061e-22
1.12061e-22
1.12061e-22
1.12061e-22
1.12061e-22
1.12061e-22
1.12061e-22
1.12061e-22
1.12061e-22
1.12061e-22
1.12061e-22
1.12061e-22
1.12061e-22
1.12061e-22
1.12061e-22
1.12061e-22
1.12061e-22
1.12061e-22
1.12061e-22
1.12061e-22
1.12061e-22
1.12061e-22
1.12061e-22
1.12061e-22
1.12061e-22
1.12061e-22
1.12061e-22
1.12061e-22
1.12061e-22
1.12061e-22
1.12061e-22
1.12061e-22
1.12061e-22
1.12061e-22
1.12061e-22
1.12061e-22
1.12061e-22
1.12061e-22
1.12061e-22
1.12061e-22
1.12061e-22
1.12061e-22
1.12061e-22
1.12061e-22
1.12061e-22
1.12061e-22
1.12061e-22
1.12061e-22
1.12061e-22
1.12061e-22
1.12061e-22
1.12061e-22
1.12061e-22
1.12061e-22
1.12061e-22
1.12061e-22
1.12061e-22
1.12061e-22
1.12061e-22
1.12061e-22
1.12061e-22
1.12061e-22
1.12061e-22
1.12061e-22
1.12061e-22
1.12061e-22
1.12061e-22
1.12061e-22
1.12061e-22
1.12061e-22
1.12061e-22
1.12061e-22
1.12061e-22
1.12061e-22
1.12061e-22
1.12061e-22
1.12061e-22
1.12061e-22
1.12061e-22
1.12061e-22
1.12061e-22
1.12061e-22
1.12061e-22
1.12061e-22
1.12061e-22
1.12061e-22
1.12061e-22
1.12061e-22
1.12061e-22
1.12061e-22
1.12061e-22
1.12061e-22
1.12061e-22
1.12061e-22
1.12061e-22
1.12061e-22
1.12061e-22
1.12061e-22
1.12061e-22
1.12061e-22
1.12061e-22
1.12061e-22
1.12061e-22
1.12061e-22
1.12061e-22
1.12061e-22
1.12061e-22
1.12061e-22
1.12061e-22
1.12061e-22
1.12061e-22
1.12061e-22
1.12061e-22
1.12061e-22
1.12061e-22
1.12061e-22
1.12061e-22
1.12061e-22
1.12061e-22
1.12061e-22
1.12061e-22
1.12061e-22
1.12061e-22
1.12061e-22
1.12061e-22
1.12061e-22
1.12061e-22
1.12061e-22
1.12061e-22
1.12061e-22
1.12061e-22
1.12061e-22
1.12061e-22
1.12061e-22
1.12061e-22
1.12061e-22
1.12061e-22
1.12061e-22
1.12061e-22
1.12061e-22
1.12061e-22
1.12061e-22
1.12061e-22
1.12061e-22
1.12061e-22
1.12061e-22
1.12061e-22
1.12061e-22
1.12061e-22
1.12061e-22
1.12061e-22
1.12061e-22
1.12061e-22
1.12061e-22
1.12061e-22
1.12061e-22
1.12061e-22
1.12061e-22
1.12061e-22
1.12061e-22
1.12061e-22
1.12061e-22
1.12061e-22
1.12061e-22
1.12061e-22
1.12061e-22
1.12061e-22
1.12061e-22
1.12061e-22
1.12061e-22
1.12061e-22
1.12061e-22
1.12061e-22
1.12061e-22
1.12061e-22
1.12061e-22
1.12061e-22
1.12061e-22
1.12061e-22
1.12061e-22
1.12061e-22
1.12061e-22
1.12061e-22
1.12061e-22
1.12061e-22
1.12061e-22
1.12061e-22
1.12061e-22
1.12061e-22
1.12061e-22
1.12061e-22
1.12061e-22
1.12061e-22
1.12061e-22
1.12061e-22
1.12061e-22
1.12061e-22
1.12061e-22
1.12061e-22
1.12061e-22
1.12061e-22
1.12061e-22
1.12061e-22
1.12061e-22
1.12061e-22
1.12061e-22
1.12061e-22
1.12061e-22
1.12061e-22
1.12061e-22
1.12061e-22
1.12061e-22
1.12061e-22
1.12061e-22
1.12061e-22
1.12061e-22
1.12061e-22
1.12061e-22
1.12061e-22
1.12061e-22
1.12061e-22
1.12061e-22
1.12061e-22
1.12061e-22
1.12061e-22
1.12061e-22
1.12061e-22
1.12061e-22
1.12061e-22
1.12061e-22
1.12061e-22
1.12061e-22
1.12061e-22
1.12061e-22
1.12061e-22
1.12061e-22
1.12061e-22
1.12061e-22
1.12061e-22
1.12061e-22
1.12061e-22
1.12061e-22
1.12061e-22
1.12061e-22
1.12061e-22
1.12061e-22
1.12061e-22
1.12061e-22
1.12061e-22
1.12061e-22
1.12061e-22
1.12061e-22
1.12061e-22
1.12061e-22
1.12061e-22
1.12061e-22
1.12061e-22
1.12061e-22
1.12061e-22
1.12061e-22
1.12061e-22
1.12061e-22
1.12061e-22
1.12061e-22
1.12061e-22
1.12061e-22
1.12061e-22
1.12061e-22
1.12061e-22
1.12061e-22
1.12061e-22
1.12061e-22
1.12061e-22
1.12061e-22
1.12061e-22
1.12061e-22
1.12061e-22
1.12061e-22
1.12061e-22
1.12061e-22
1.12061e-22
1.12061e-22
1.12061e-22
1.12061e-22
1.12061e-22
1.12061e-22
1.12061e-22
1.12061e-22
1.12061e-22
1.12061e-22
1.12061e-22
1.12061e-22
1.12061e-22
1.12061e-22
1.12061e-22
1.12061e-22
1.12061e-22
1.12061e-22
1.12061e-22
1.12061e-22
1.12061e-22
1.12061e-22
1.12061e-22
1.12061e-22
1.12061e-22
1.12061e-22
1.12061e-22
1.12061e-22
1.12061e-22
1.12061e-22
1.12061e-22
1.12061e-22
1.12061e-22
1.12061e-22
1.12061e-22
1.12061e-22
1.12061e-22
1.12061e-22
1.12061e-22
1.12061e-22
1.12061e-22
1.12061e-22
1.12061e-22
1.12061e-22
1.12061e-22
1.12061e-22
1.12061e-22
1.12061e-22
1.12061e-22
1.12061e-22
1.12061e-22
1.12061e-22
1.12061e-22
1.12061e-22
1.12061e-22
1.12061e-22
1.12061e-22
1.12061e-22
1.12061e-22
1.12061e-22
1.12061e-22
1.12061e-22
1.12061e-22
1.12061e-22
1.12061e-22
1.12061e-22
1.12061e-22
1.12061e-22
1.12061e-22
1.12061e-22
1.12061e-22
1.12061e-22
1.12061e-22
1.12061e-22
1.12061e-22
1.12061e-22
1.12061e-22
1.12061e-22
1.12061e-22
1.12061e-22
1.12061e-22
1.12061e-22
1.12061e-22
1.12061e-22
1.12061e-22
1.12061e-22
1.12061e-22
1.12061e-22
1.12061e-22
1.12061e-22
1.12061e-22
1.12061e-22
1.12061e-22
1.12061e-22
1.12061e-22
1.12061e-22
1.12061e-22
1.12061e-22
1.12061e-22
1.12061e-22
1.12061e-22
1.12061e-22
1.12061e-22
1.12061e-22
1.12061e-22
1.12061e-22
1.12061e-22
1.12061e-22
1.12061e-22
1.12061e-22
1.12061e-22
1.12061e-22
1.12061e-22
1.12061e-22
1.12061e-22
1.12061e-22
1.12061e-22
1.12061e-22
1.12061e-22
1.12061e-22
1.12061e-22
1.12061e-22
1.12061e-22
1.12061e-22
1.12061e-22
1.12061e-22
1.12061e-22
1.12061e-22
1.12061e-22
1.12061e-22
1.12061e-22
1.12061e-22
1.12061e-22
1.12061e-22
1.12061e-22
1.12061e-22
1.12061e-22
1.12061e-22
1.12061e-22
1.12061e-22
1.12061e-22
1.12061e-22
1.12061e-22
1.12061e-22
1.12061e-22
1.12061e-22
1.12061e-22
1.12061e-22
1.12061e-22
1.12061e-22
1.12061e-22
1.12061e-22
1.12061e-22
1.12061e-22
1.12061e-22
1.12061e-22
1.12061e-22
1.12061e-22
1.12061e-22
1.12061e-22
1.12061e-22
1.12061e-22
1.12061e-22
1.12061e-22
1.12061e-22
1.12061e-22
1.12061e-22
1.12061e-22
1.12061e-22
1.12061e-22
1.12061e-22
1.12061e-22
1.12061e-22
1.12061e-22
1.12061e-22
1.12061e-22
1.12061e-22
1.12061e-22
1.12061e-22
1.12061e-22
1.12061e-22
1.12061e-22
1.12061e-22
1.12061e-22
1.12061e-22
1.12061e-22
1.12061e-22
1.12061e-22
1.12061e-22
1.12061e-22
1.12061e-22
1.12061e-22
1.12061e-22
1.12061e-22
1.12061e-22
1.12061e-22
1.12061e-22
1.12061e-22
1.12061e-22
1.12061e-22
1.12061e-22
1.12061e-22
1.12061e-22
1.12061e-22
1.12061e-22
1.12061e-22
1.12061e-22
1.12061e-22
1.12061e-22
1.12061e-22
1.12061e-22
1.12061e-22
1.12061e-22
1.12061e-22
1.12061e-22
1.12061e-22
1.12061e-22
1.12061e-22
1.12061e-22
1.12061e-22
1.12061e-22
1.12061e-22
1.12061e-22
1.12061e-22
1.12061e-22
1.12061e-22
1.12061e-22
1.12061e-22
1.12061e-22
1.12061e-22
1.12061e-22
1.12061e-22
1.12061e-22
1.12061e-22
1.12061e-22
1.12061e-22
1.12061e-22
1.12061e-22
1.12061e-22
1.12061e-22
1.12061e-22
1.12061e-22
1.12061e-22
1.12061e-22
1.12061e-22
1.12061e-22
1.12061e-22
1.12061e-22
1.12061e-22
1.12061e-22
1.12061e-22
1.12061e-22
1.12061e-22
1.12061e-22
1.12061e-22
1.12061e-22
1.12061e-22
1.12061e-22
1.12061e-22
1.12061e-22
1.12061e-22
1.12061e-22
1.12061e-22
1.12061e-22
1.12061e-22
1.12061e-22
1.12061e-22
1.12061e-22
1.12061e-22
1.12061e-22
1.12061e-22
1.12061e-22
1.12061e-22
1.12061e-22
1.12061e-22
1.12061e-22
1.12061e-22
1.12061e-22
1.12061e-22
1.12061e-22
1.12061e-22
1.12061e-22
1.12061e-22
1.12061e-22
1.12061e-22
1.12061e-22
1.12061e-22
1.12061e-22
1.12061e-22
1.12061e-22
1.12061e-22
1.12061e-22
1.12061e-22
1.12061e-22
1.12061e-22
1.12061e-22
1.12061e-22
1.12061e-22
1.12061e-22
1.12061e-22
1.12061e-22
1.12061e-22
1.12061e-22
1.12061e-22
1.12061e-22
1.12061e-22
1.12061e-22
1.12061e-22
1.12061e-22
1.12061e-22
1.12061e-22
1.12061e-22
1.12061e-22
1.12061e-22
1.12061e-22
1.12061e-22
1.12061e-22
1.12061e-22
1.12061e-22
1.12061e-22
1.12061e-22
1.12061e-22
1.12061e-22
1.12061e-22
1.12061e-22
1.12061e-22
1.12061e-22
1.12061e-22
1.12061e-22
1.12061e-22
1.12061e-22
1.12061e-22
1.12061e-22
1.12061e-22
1.12061e-22
1.12061e-22
1.12061e-22
1.12061e-22
1.12061e-22
1.12061e-22
1.12061e-22
1.12061e-22
1.12061e-22
1.12061e-22
1.12061e-22
1.12061e-22
1.12061e-22
1.12061e-22
1.12061e-22
1.12061e-22
1.12061e-22
1.12061e-22
1.12061e-22
1.12061e-22
1.12061e-22
1.12061e-22
1.12061e-22
1.12061e-22
1.12061e-22
1.12061e-22
1.12061e-22
1.12061e-22
1.12061e-22
1.12061e-22
1.12061e-22
1.12061e-22
1.12061e-22
1.12061e-22
1.12061e-22
1.12061e-22
1.12061e-22
1.12061e-22
1.12061e-22
1.12061e-22
1.12061e-22
1.12061e-22
1.12061e-22
1.12061e-22
1.12061e-22
1.12061e-22
1.12061e-22
1.12061e-22
1.12061e-22
1.12061e-22
1.12061e-22
1.12061e-22
1.12061e-22
1.12061e-22
1.12061e-22
1.12061e-22
1.12061e-22
1.12061e-22
1.12061e-22
1.12061e-22
1.12061e-22
1.12061e-22
1.12061e-22
1.12061e-22
1.12061e-22
1.12061e-22
1.12061e-22
1.12061e-22
1.12061e-22
1.12061e-22
1.12061e-22
1.12061e-22
1.12061e-22
1.12061e-22
1.12061e-22
1.12061e-22
1.12061e-22
1.12061e-22
1.12061e-22
1.12061e-22
1.12061e-22
1.12061e-22
1.12061e-22
1.12061e-22
1.12061e-22
1.12061e-22
1.12061e-22
1.12061e-22
1.12061e-22
1.12061e-22
1.12061e-22
1.12061e-22
1.12061e-22
1.12061e-22
1.12061e-22
1.12061e-22
1.12061e-22
1.12061e-22
1.12061e-22
1.12061e-22
1.12061e-22
1.12061e-22
1.12061e-22
1.12061e-22
1.12061e-22
1.12061e-22
1.12061e-22
1.12061e-22
1.12061e-22
1.12061e-22
1.12061e-22
1.12061e-22
1.12061e-22
1.12061e-22
1.12061e-22
1.12061e-22
1.12061e-22
1.12061e-22
1.12061e-22
1.12061e-22
1.12061e-22
1.12061e-22
1.12061e-22
1.12061e-22
1.12061e-22
1.12061e-22
1.12061e-22
1.12061e-22
1.12061e-22
1.12061e-22
1.12061e-22
1.12061e-22
1.12061e-22
1.12061e-22
1.12061e-22
1.12061e-22
1.12061e-22
1.12061e-22
1.12061e-22
1.12061e-22
1.12061e-22
1.12061e-22
1.12061e-22
1.12061e-22
1.12061e-22
1.12061e-22
1.12061e-22
1.12061e-22
1.12061e-22
1.12061e-22
1.12061e-22
1.12061e-22
1.12061e-22
1.12061e-22
1.12061e-22
1.12061e-22
1.12061e-22
1.12061e-22
1.12061e-22
1.12061e-22
1.12061e-22
1.12061e-22
1.12061e-22
1.12061e-22
1.12061e-22
1.12061e-22
1.12061e-22
1.12061e-22
1.12061e-22
1.12061e-22
1.12061e-22
1.12061e-22
1.12061e-22
1.12061e-22
1.12061e-22
1.12061e-22
1.12061e-22
1.12061e-22
1.12061e-22
1.12061e-22
1.12061e-22
1.12061e-22
1.12061e-22
1.12061e-22
1.12061e-22
1.12061e-22
1.12061e-22
1.12061e-22
1.12061e-22
1.12061e-22
1.12061e-22
1.12061e-22
1.12061e-22
1.12061e-22
1.12061e-22
1.12061e-22
1.12061e-22
1.12061e-22
1.12061e-22
1.12061e-22
1.12061e-22
1.12061e-22
1.12061e-22
1.12061e-22
1.12061e-22
1.12061e-22
1.12061e-22
1.12061e-22
1.12061e-22
1.12061e-22
1.12061e-22
1.12061e-22
1.12061e-22
1.12061e-22
1.12061e-22
1.12061e-22
1.12061e-22
1.12061e-22
1.12061e-22
1.12061e-22
1.12061e-22
1.12061e-22
1.12061e-22
1.12061e-22
1.12061e-22
1.12061e-22
1.12061e-22
1.12061e-22
1.12061e-22
1.12061e-22
1.12061e-22
1.12061e-22
1.12061e-22
1.12061e-22
1.12061e-22
1.12061e-22
1.12061e-22
1.12061e-22
1.12061e-22
1.12061e-22
1.12061e-22
1.12061e-22
1.12061e-22
1.12061e-22
1.12061e-22
1.12061e-22
1.12061e-22
1.12061e-22
1.12061e-22
1.12061e-22
1.12061e-22
1.12061e-22
1.12061e-22
1.12061e-22
1.12061e-22
1.12061e-22
1.12061e-22
1.12061e-22
1.12061e-22
1.12061e-22
1.12061e-22
1.12061e-22
1.12061e-22
1.12061e-22
1.12061e-22
1.12061e-22
1.12061e-22
1.12061e-22
1.12061e-22
1.12061e-22
1.12061e-22
1.12061e-22
1.12061e-22
1.12061e-22
1.12061e-22
1.12061e-22
1.12061e-22
1.12061e-22
1.12061e-22
1.12061e-22
1.12061e-22
1.12061e-22
1.12061e-22
1.12061e-22
1.12061e-22
1.12061e-22
1.12061e-22
1.12061e-22
1.12061e-22
1.12061e-22
1.12061e-22
1.12061e-22
1.12061e-22
1.12061e-22
1.12061e-22
1.12061e-22
1.12061e-22
1.12061e-22
1.12061e-22
1.12061e-22
1.12061e-22
1.12061e-22
1.12061e-22
1.12061e-22
1.12061e-22
1.12061e-22
1.12061e-22
1.12061e-22
1.12061e-22
1.12061e-22
1.12061e-22
1.12061e-22
1.12061e-22
1.12061e-22
1.12061e-22
1.12061e-22
1.12061e-22
1.12061e-22
1.12061e-22
1.12061e-22
1.12061e-22
1.12061e-22
1.12061e-22
1.12061e-22
1.12061e-22
1.12061e-22
1.12061e-22
1.12061e-22
1.12061e-22
1.12061e-22
1.12061e-22
1.12061e-22
1.12061e-22
1.12061e-22
1.12061e-22
1.12061e-22
1.12061e-22
1.12061e-22
1.12061e-22
1.12061e-22
1.12061e-22
1.12061e-22
1.12061e-22
1.12061e-22
1.12061e-22
1.12061e-22
1.12061e-22
1.12061e-22
1.12061e-22
1.12061e-22
1.12061e-22
1.12061e-22
1.12061e-22
1.12061e-22
1.12061e-22
1.12061e-22
1.12061e-22
1.12061e-22
1.12061e-22
1.12061e-22
1.12061e-22
1.12061e-22
1.12061e-22
1.12061e-22
1.12061e-22
1.12061e-22
1.12061e-22
1.12061e-22
1.12061e-22
1.12061e-22
1.12061e-22
1.12061e-22
1.12061e-22
1.12061e-22
1.12061e-22
1.12061e-22
1.12061e-22
1.12061e-22
1.12061e-22
1.12061e-22
1.12061e-22
1.12061e-22
1.12061e-22
1.12061e-22
1.12061e-22
1.12061e-22
1.12061e-22
1.12061e-22
1.12061e-22
1.12061e-22
1.12061e-22
1.12061e-22
1.12061e-22
1.12061e-22
1.12061e-22
1.12061e-22
1.12061e-22
1.12061e-22
1.12061e-22
1.12061e-22
1.12061e-22
1.12061e-22
1.12061e-22
1.12061e-22
1.12061e-22
1.12061e-22
1.12061e-22
1.12061e-22
1.12061e-22
1.12061e-22
1.12061e-22
1.12061e-22
1.12061e-22
1.12061e-22
1.12061e-22
1.12061e-22
1.12061e-22
1.12061e-22
1.12061e-22
1.12061e-22
1.12061e-22
1.12061e-22
1.12061e-22
1.12061e-22
1.12061e-22
1.12061e-22
1.12061e-22
1.12061e-22
1.12061e-22
1.12061e-22
1.12061e-22
1.12061e-22
1.12061e-22
1.12061e-22
1.12061e-22
1.12061e-22
1.12061e-22
1.12061e-22
1.12061e-22
1.12061e-22
1.12061e-22
1.12061e-22
1.12061e-22
1.12061e-22
1.12061e-22
1.12061e-22
1.12061e-22
1.12061e-22
1.12061e-22
1.12061e-22
1.12061e-22
1.12061e-22
1.12061e-22
1.12061e-22
1.12061e-22
1.12061e-22
1.12061e-22
1.12061e-22
1.12061e-22
1.12061e-22
1.12061e-22
1.12061e-22
1.12061e-22
1.12061e-22
1.12061e-22
1.12061e-22
1.12061e-22
1.12061e-22
1.12061e-22
1.12061e-22
1.12061e-22
1.12061e-22
1.12061e-22
1.12061e-22
1.12061e-22
1.12061e-22
1.12061e-22
1.12061e-22
1.12061e-22
1.12061e-22
1.12061e-22
1.12061e-22
1.12061e-22
1.12061e-22
1.12061e-22
1.12061e-22
1.12061e-22
1.12061e-22
1.12061e-22
1.12061e-22
1.12061e-22
1.12061e-22
1.12061e-22
1.12061e-22
1.12061e-22
1.12061e-22
1.12061e-22
1.12061e-22
1.12061e-22
1.12061e-22
1.12061e-22
1.12061e-22
1.12061e-22
1.12061e-22
1.12061e-22
1.12061e-22
1.12061e-22
1.12061e-22
1.12061e-22
1.12061e-22
1.12061e-22
1.12061e-22
1.12061e-22
1.12061e-22
1.12061e-22
1.12061e-22
1.12061e-22
1.12061e-22
1.12061e-22
1.12061e-22
1.12061e-22
1.12061e-22
1.12061e-22
1.12061e-22
1.12061e-22
1.12061e-22
1.12061e-22
1.12061e-22
1.12061e-22
1.12061e-22
1.12061e-22
1.12061e-22
1.12061e-22
1.12061e-22
1.12061e-22
1.12061e-22
1.12061e-22
1.12061e-22
1.12061e-22
1.12061e-22
1.12061e-22
1.12061e-22
1.12061e-22
1.12061e-22
1.12061e-22
1.12061e-22
1.12061e-22
1.12061e-22
1.12061e-22
1.12061e-22
1.12061e-22
1.12061e-22
1.12061e-22
1.12061e-22
1.12061e-22
1.12061e-22
1.12061e-22
1.12061e-22
1.12061e-22
1.12061e-22
1.12061e-22
1.12061e-22
1.12061e-22
1.12061e-22
1.12061e-22
1.12061e-22
1.12061e-22
1.12061e-22
1.12061e-22
1.12061e-22
1.12061e-22
1.12061e-22
1.12061e-22
1.12061e-22
1.12061e-22
1.12061e-22
1.12061e-22
1.12061e-22
1.12061e-22
1.12061e-22
1.12061e-22
1.12061e-22
1.12061e-22
1.12061e-22
1.12061e-22
1.12061e-22
1.12061e-22
1.12061e-22
1.12061e-22
1.12061e-22
1.12061e-22
1.12061e-22
1.12061e-22
1.12061e-22
1.12061e-22
1.12061e-22
1.12061e-22
1.12061e-22
1.12061e-22
1.12061e-22
1.12061e-22
1.12061e-22
1.12061e-22
1.12061e-22
1.12061e-22
1.12061e-22
1.12061e-22
1.12061e-22
1.12061e-22
1.12061e-22
1.12061e-22
1.12061e-22
1.12061e-22
1.12061e-22
1.12061e-22
1.12061e-22
1.12061e-22
1.12061e-22
1.12061e-22
1.12061e-22
1.12061e-22
1.12061e-22
1.12061e-22
1.12061e-22
1.12061e-22
1.12061e-22
1.12061e-22
1.12061e-22
1.12061e-22
1.12061e-22
1.12061e-22
1.12061e-22
1.12061e-22
1.12061e-22
1.12061e-22
1.12061e-22
1.12061e-22
1.12061e-22
1.12061e-22
1.12061e-22
1.12061e-22
1.12061e-22
1.12061e-22
1.12061e-22
1.12061e-22
1.12061e-22
1.12061e-22
1.12061e-22
1.12061e-22
1.12061e-22
1.12061e-22
1.12061e-22
1.12061e-22
1.12061e-22
1.12061e-22
1.12061e-22
1.12061e-22
1.12061e-22
1.12061e-22
1.12061e-22
1.12061e-22
1.12061e-22
1.12061e-22
1.12061e-22
1.12061e-22
1.12061e-22
1.12061e-22
1.12061e-22
1.12061e-22
1.12061e-22
1.12061e-22
1.12061e-22
1.12061e-22
1.12061e-22
1.12061e-22
1.12061e-22
1.12061e-22
1.12061e-22
1.12061e-22
1.12061e-22
1.12061e-22
1.12061e-22
1.12061e-22
1.12061e-22
1.12061e-22
1.12061e-22
1.12061e-22
1.12061e-22
1.12061e-22
1.12061e-22
1.12061e-22
1.12061e-22
1.12061e-22
1.12061e-22
1.12061e-22
1.12061e-22
1.12061e-22
1.12061e-22
1.12061e-22
1.12061e-22
1.12061e-22
1.12061e-22
1.12061e-22
1.12061e-22
1.12061e-22
1.12061e-22
1.12061e-22
1.12061e-22
1.12061e-22
1.12061e-22
1.12061e-22
1.12061e-22
1.12061e-22
1.12061e-22
1.12061e-22
1.12061e-22
1.12061e-22
1.12061e-22
1.12061e-22
1.12061e-22
1.12061e-22
1.12061e-22
1.12061e-22
1.12061e-22
1.12061e-22
1.12061e-22
1.12061e-22
1.12061e-22
1.12061e-22
1.12061e-22
1.12061e-22
1.12061e-22
1.12061e-22
1.12061e-22
1.12061e-22
1.12061e-22
1.12061e-22
1.12061e-22
1.12061e-22
1.12061e-22
1.12061e-22
1.12061e-22
1.12061e-22
1.12061e-22
1.12061e-22
1.12061e-22
1.12061e-22
1.12061e-22
1.12061e-22
1.12061e-22
1.12061e-22
1.12061e-22
1.12061e-22
1.12061e-22
1.12061e-22
1.12061e-22
1.12061e-22
1.12061e-22
1.12061e-22
1.12061e-22
1.12061e-22
1.12061e-22
1.12061e-22
1.12061e-22
1.12061e-22
1.12061e-22
1.12061e-22
1.12061e-22
1.12061e-22
1.12061e-22
1.12061e-22
1.12061e-22
1.12061e-22
1.12061e-22
1.12061e-22
1.12061e-22
1.12061e-22
1.12061e-22
1.12061e-22
1.12061e-22
1.12061e-22
1.12061e-22
1.12061e-22
1.12061e-22
1.12061e-22
1.12061e-22
1.12061e-22
1.12061e-22
1.12061e-22
1.12061e-22
1.12061e-22
1.12061e-22
1.12061e-22
1.12061e-22
1.12061e-22
1.12061e-22
1.12061e-22
1.12061e-22
1.12061e-22
1.12061e-22
1.12061e-22
1.12061e-22
1.12061e-22
1.12061e-22
1.12061e-22
1.12061e-22
1.12061e-22
1.12061e-22
1.12061e-22
1.12061e-22
1.12061e-22
1.12061e-22
1.12061e-22
1.12061e-22
1.12061e-22
1.12061e-22
1.12061e-22
1.12061e-22
1.12061e-22
1.12061e-22
1.12061e-22
1.12061e-22
1.12061e-22
1.12061e-22
1.12061e-22
1.12061e-22
1.12061e-22
1.12061e-22
1.12061e-22
1.12061e-22
1.12061e-22
1.12061e-22
1.12061e-22
1.12061e-22
1.12061e-22
1.12061e-22
1.12061e-22
1.12061e-22
1.12061e-22
1.12061e-22
1.12061e-22
1.12061e-22
1.12061e-22
1.12061e-22
1.12061e-22
1.12061e-22
1.12061e-22
1.12061e-22
1.12061e-22
1.12061e-22
1.12061e-22
1.12061e-22
1.12061e-22
1.12061e-22
1.12061e-22
1.12061e-22
1.12061e-22
1.12061e-22
1.12061e-22
1.12061e-22
1.12061e-22
1.12061e-22
1.12061e-22
1.12061e-22
1.12061e-22
1.12061e-22
1.12061e-22
1.12061e-22
1.12061e-22
1.12061e-22
1.12061e-22
1.12061e-22
1.12061e-22
1.12061e-22
1.12061e-22
1.12061e-22
1.12061e-22
1.12061e-22
1.12061e-22
1.12061e-22
1.12061e-22
1.12061e-22
1.12061e-22
1.12061e-22
1.12061e-22
1.12061e-22
1.12061e-22
1.12061e-22
1.12061e-22
1.12061e-22
1.12061e-22
1.12061e-22
1.12061e-22
1.12061e-22
1.12061e-22
1.12061e-22
1.12061e-22
1.12061e-22
1.12061e-22
1.12061e-22
1.12061e-22
1.12061e-22
1.12061e-22
1.12061e-22
1.12061e-22
1.12061e-22
1.12061e-22
1.12061e-22
1.12061e-22
1.12061e-22
1.12061e-22
1.12061e-22
1.12061e-22
1.12061e-22
1.12061e-22
1.12061e-22
1.12061e-22
1.12061e-22
1.12061e-22
1.12061e-22
1.12061e-22
1.12061e-22
1.12061e-22
1.12061e-22
1.12061e-22
1.12061e-22
1.12061e-22
1.12061e-22
1.12061e-22
1.12061e-22
1.12061e-22
1.12061e-22
1.12061e-22
1.12061e-22
1.12061e-22
1.12061e-22
1.12061e-22
1.12061e-22
1.12061e-22
1.12061e-22
1.12061e-22
1.12061e-22
1.12061e-22
1.12061e-22
1.12061e-22
1.12061e-22
1.12061e-22
1.12061e-22
1.12061e-22
1.12061e-22
1.12061e-22
1.12061e-22
1.12061e-22
1.12061e-22
1.12061e-22
1.12061e-22
1.12061e-22
1.12061e-22
1.12061e-22
1.12061e-22
1.12061e-22
1.12061e-22
1.12061e-22
1.12061e-22
1.12061e-22
1.12061e-22
1.12061e-22
1.12061e-22
1.12061e-22
1.12061e-22
1.12061e-22
1.12061e-22
1.12061e-22
1.12061e-22
1.12061e-22
1.12061e-22
1.12061e-22
1.12061e-22
1.12061e-22
1.12061e-22
1.12061e-22
1.12061e-22
1.12061e-22
1.12061e-22
1.12061e-22
1.12061e-22
1.12061e-22
1.12061e-22
1.12061e-22
1.12061e-22
1.12061e-22
1.12061e-22
1.12061e-22
1.12061e-22
1.12061e-22
1.12061e-22
1.12061e-22
1.12061e-22
1.12061e-22
1.12061e-22
1.12061e-22
1.12061e-22
1.12061e-22
1.12061e-22
1.12061e-22
1.12061e-22
1.12061e-22
1.12061e-22
1.12061e-22
1.12061e-22
1.12061e-22
1.12061e-22
1.12061e-22
1.12061e-22
1.12061e-22
1.12061e-22
1.12061e-22
1.12061e-22
1.12061e-22
1.12061e-22
1.12061e-22
1.12061e-22
1.12061e-22
1.12061e-22
1.12061e-22
1.12061e-22
1.12061e-22
1.12061e-22
1.12061e-22
1.12061e-22
1.12061e-22
1.12061e-22
1.12061e-22
1.12061e-22
1.12061e-22
1.12061e-22
1.12061e-22
1.12061e-22
1.12061e-22
1.12061e-22
1.12061e-22
1.12061e-22
1.12061e-22
1.12061e-22
1.12061e-22
1.12061e-22
1.12061e-22
1.12061e-22
1.12061e-22
1.12061e-22
1.12061e-22
1.12061e-22
1.12061e-22
1.12061e-22
1.12061e-22
1.12061e-22
1.12061e-22
1.12061e-22
1.12061e-22
1.12061e-22
1.12061e-22
1.12061e-22
1.12061e-22
1.12061e-22
1.12061e-22
1.12061e-22
1.12061e-22
1.12061e-22
1.12061e-22
1.12061e-22
1.12061e-22
1.12061e-22
1.12061e-22
1.12061e-22
1.12061e-22
1.12061e-22
1.12061e-22
1.12061e-22
1.12061e-22
1.12061e-22
1.12061e-22
1.12061e-22
1.12061e-22
1.12061e-22
1.12061e-22
1.12061e-22
1.12061e-22
1.12061e-22
1.12061e-22
1.12061e-22
1.12061e-22
1.12061e-22
1.12061e-22
1.12061e-22
1.12061e-22
1.12061e-22
1.12061e-22
1.12061e-22
1.12061e-22
1.12061e-22
1.12061e-22
1.12061e-22
1.12061e-22
1.12061e-22
1.12061e-22
1.12061e-22
1.12061e-22
1.12061e-22
1.12061e-22
1.12061e-22
1.12061e-22
1.12061e-22
1.12061e-22
1.12061e-22
1.12061e-22
1.12061e-22
1.12061e-22
1.12061e-22
1.12061e-22
1.12061e-22
1.12061e-22
1.12061e-22
1.12061e-22
1.12061e-22
1.12061e-22
1.12061e-22
1.12061e-22
1.12061e-22
1.12061e-22
1.12061e-22
1.12061e-22
1.12061e-22
1.12061e-22
1.12061e-22
1.12061e-22
1.12061e-22
1.12061e-22
1.12061e-22
1.12061e-22
1.12061e-22
1.12061e-22
1.12061e-22
1.12061e-22
1.12061e-22
1.12061e-22
1.12061e-22
1.12061e-22
1.12061e-22
1.12061e-22
1.12061e-22
1.12061e-22
1.12061e-22
1.12061e-22
1.12061e-22
1.12061e-22
1.12061e-22
1.12061e-22
1.12061e-22
1.12061e-22
1.12061e-22
1.12061e-22
1.12061e-22
1.12061e-22
1.12061e-22
1.12061e-22
1.12061e-22
1.12061e-22
1.12061e-22
1.12061e-22
1.12061e-22
1.12061e-22
1.12061e-22
1.12061e-22
1.12061e-22
1.12061e-22
1.12061e-22
1.12061e-22
1.12061e-22
1.12061e-22
1.12061e-22
1.12061e-22
1.12061e-22
1.12061e-22
1.12061e-22
1.12061e-22
1.12061e-22
1.12061e-22
1.12061e-22
1.12061e-22
1.12061e-22
1.12061e-22
1.12061e-22
1.12061e-22
1.12061e-22
1.12061e-22
1.12061e-22
1.12061e-22
1.12061e-22
1.12061e-22
1.12061e-22
1.12061e-22
1.12061e-22
1.12061e-22
1.12061e-22
1.12061e-22
1.12061e-22
1.12061e-22
1.12061e-22
1.12061e-22
1.12061e-22
1.12061e-22
1.12061e-22
1.12061e-22
1.12061e-22
1.12061e-22
1.12061e-22
1.12061e-22
1.12061e-22
1.12061e-22
1.12061e-22
1.12061e-22
1.12061e-22
1.12061e-22
1.12061e-22
1.12061e-22
1.12061e-22
1.12061e-22
1.12061e-22
1.12061e-22
1.12061e-22
1.12061e-22
1.12061e-22
1.12061e-22
1.12061e-22
1.12061e-22
1.12061e-22
1.12061e-22
1.12061e-22
1.12061e-22
1.12061e-22
1.12061e-22
1.12061e-22
1.12061e-22
1.12061e-22
1.12061e-22
1.12061e-22
1.12061e-22
1.12061e-22
1.12061e-22
1.12061e-22
1.12061e-22
1.12061e-22
1.12061e-22
1.12061e-22
1.12061e-22
1.12061e-22
1.12061e-22
1.12061e-22
1.12061e-22
1.12061e-22
1.12061e-22
1.12061e-22
1.12061e-22
1.12061e-22
1.12061e-22
1.12061e-22
1.12061e-22
1.12061e-22
1.12061e-22
1.12061e-22
1.12061e-22
1.12061e-22
1.12061e-22
1.12061e-22
1.12061e-22
1.12061e-22
1.12061e-22
1.12061e-22
1.12061e-22
1.12061e-22
1.12061e-22
1.12061e-22
1.12061e-22
1.12061e-22
1.12061e-22
1.12061e-22
1.12061e-22
1.12061e-22
1.12061e-22
1.12061e-22
1.12061e-22
1.12061e-22
1.12061e-22
1.12061e-22
1.12061e-22
1.12061e-22
1.12061e-22
1.12061e-22
1.12061e-22
1.12061e-22
1.12061e-22
1.12061e-22
1.12061e-22
1.12061e-22
1.12061e-22
1.12061e-22
1.12061e-22
1.12061e-22
1.12061e-22
1.12061e-22
1.12061e-22
1.12061e-22
1.12061e-22
1.12061e-22
1.12061e-22
1.12061e-22
1.12061e-22
1.12061e-22
1.12061e-22
1.12061e-22
1.12061e-22
1.12061e-22
1.12061e-22
1.12061e-22
1.12061e-22
1.12061e-22
1.12061e-22
1.12061e-22
1.12061e-22
1.12061e-22
1.12061e-22
1.12061e-22
1.12061e-22
1.12061e-22
1.12061e-22
1.12061e-22
1.12061e-22
1.12061e-22
1.12061e-22
1.12061e-22
1.12061e-22
1.12061e-22
1.12061e-22
1.12061e-22
1.12061e-22
1.12061e-22
1.12061e-22
1.12061e-22
1.12061e-22
1.12061e-22
1.12061e-22
1.12061e-22
1.12061e-22
1.12061e-22
1.12061e-22
1.12061e-22
1.12061e-22
1.12061e-22
1.12061e-22
1.12061e-22
1.12061e-22
1.12061e-22
1.12061e-22
1.12061e-22
1.12061e-22
1.12061e-22
1.12061e-22
1.12061e-22
1.12061e-22
1.12061e-22
1.12061e-22
1.12061e-22
1.12061e-22
1.12061e-22
1.12061e-22
1.12061e-22
1.12061e-22
1.12061e-22
1.12061e-22
1.12061e-22
1.12061e-22
1.12061e-22
1.12061e-22
1.12061e-22
1.12061e-22
1.12061e-22
1.12061e-22
1.12061e-22
1.12061e-22
1.12061e-22
1.12061e-22
1.12061e-22
1.12061e-22
1.12061e-22
1.12061e-22
1.12061e-22
1.12061e-22
1.12061e-22
1.12061e-22
1.12061e-22
1.12061e-22
1.12061e-22
1.12061e-22
1.12061e-22
1.12061e-22
1.12061e-22
1.12061e-22
1.12061e-22
1.12061e-22
1.12061e-22
1.12061e-22
1.12061e-22
1.12061e-22
1.12061e-22
1.12061e-22
1.12061e-22
1.12061e-22
1.12061e-22
1.12061e-22
1.12061e-22
1.12061e-22
1.12061e-22
1.12061e-22
1.12061e-22
1.12061e-22
1.12061e-22
1.12061e-22
1.12061e-22
1.12061e-22
1.12061e-22
1.12061e-22
1.12061e-22
1.12061e-22
1.12061e-22
1.12061e-22
1.12061e-22
1.12061e-22
1.12061e-22
1.12061e-22
1.12061e-22
1.12061e-22
1.12061e-22
1.12061e-22
1.12061e-22
1.12061e-22
1.12061e-22
1.12061e-22
1.12061e-22
1.12061e-22
1.12061e-22
1.12061e-22
1.12061e-22
1.12061e-22
1.12061e-22
1.12061e-22
1.12061e-22
1.12061e-22
1.12061e-22
1.12061e-22
1.12061e-22
1.12061e-22
1.12061e-22
1.12061e-22
1.12061e-22
1.12061e-22
1.12061e-22
1.12061e-22
1.12061e-22
1.12061e-22
1.12061e-22
1.12061e-22
1.12061e-22
1.12061e-22
1.12061e-22
1.12061e-22
1.12061e-22
1.12061e-22
1.12061e-22
1.12061e-22
1.12061e-22
1.12061e-22
1.12061e-22
1.12061e-22
1.12061e-22
1.12061e-22
1.12061e-22
1.12061e-22
1.12061e-22
1.12061e-22
1.12061e-22
1.12061e-22
1.12061e-22
1.12061e-22
1.12061e-22
1.12061e-22
1.12061e-22
1.12061e-22
1.12061e-22
1.12061e-22
1.12061e-22
1.12061e-22
1.12061e-22
1.12061e-22
1.12061e-22
1.12061e-22
1.12061e-22
1.12061e-22
1.12061e-22
1.12061e-22
1.12061e-22
1.12061e-22
1.12061e-22
1.12061e-22
1.12061e-22
1.12061e-22
1.12061e-22
1.12061e-22
1.12061e-22
1.12061e-22
1.12061e-22
1.12061e-22
1.12061e-22
1.12061e-22
1.12061e-22
1.12061e-22
1.12061e-22
1.12061e-22
1.12061e-22
1.12061e-22
1.12061e-22
1.12061e-22
1.12061e-22
1.12061e-22
1.12061e-22
1.12061e-22
1.12061e-22
1.12061e-22
1.12061e-22
1.12061e-22
1.12061e-22
1.12061e-22
1.12061e-22
1.12061e-22
1.12061e-22
1.12061e-22
1.12061e-22
1.12061e-22
1.12061e-22
1.12061e-22
1.12061e-22
1.12061e-22
1.12061e-22
1.12061e-22
1.12061e-22
1.12061e-22
1.12061e-22
1.12061e-22
1.12061e-22
1.12061e-22
1.12061e-22
1.12061e-22
1.12061e-22
1.12061e-22
1.12061e-22
1.12061e-22
1.12061e-22
1.12061e-22
1.12061e-22
1.12061e-22
1.12061e-22
1.12061e-22
1.12061e-22
1.12061e-22
1.12061e-22
1.12061e-22
1.12061e-22
1.12061e-22
1.12061e-22
1.12061e-22
1.12061e-22
1.12061e-22
1.12061e-22
1.12061e-22
1.12061e-22
1.12061e-22
1.12061e-22
1.12061e-22
1.12061e-22
1.12061e-22
1.12061e-22
1.12061e-22
1.12061e-22
1.12061e-22
1.12061e-22
1.12061e-22
1.12061e-22
1.12061e-22
1.12061e-22
1.12061e-22
1.12061e-22
1.12061e-22
1.12061e-22
1.12061e-22
1.12061e-22
1.12061e-22
1.12061e-22
1.12061e-22
1.12061e-22
1.12061e-22
1.12061e-22
1.12061e-22
1.12061e-22
1.12061e-22
1.12061e-22
1.12061e-22
1.12061e-22
1.12061e-22
1.12061e-22
1.12061e-22
1.12061e-22
1.12061e-22
1.12061e-22
1.12061e-22
1.12061e-22
1.12061e-22
1.12061e-22
1.12061e-22
1.12061e-22
1.12061e-22
1.12061e-22
1.12061e-22
1.12061e-22
1.12061e-22
1.12061e-22
1.12061e-22
1.12061e-22
1.12061e-22
1.12061e-22
1.12061e-22
1.12061e-22
1.12061e-22
1.12061e-22
1.12061e-22
1.12061e-22
1.12061e-22
1.12061e-22
1.12061e-22
1.12061e-22
1.12061e-22
1.12061e-22
1.12061e-22
1.12061e-22
1.12061e-22
1.12061e-22
1.12061e-22
1.12061e-22
1.12061e-22
1.12061e-22
1.12061e-22
1.12061e-22
1.12061e-22
1.12061e-22
1.12061e-22
1.12061e-22
1.12061e-22
1.12061e-22
1.12061e-22
1.12061e-22
1.12061e-22
1.12061e-22
1.12061e-22
1.12061e-22
1.12061e-22
1.12061e-22
1.12061e-22
1.12061e-22
1.12061e-22
1.12061e-22
1.12061e-22
1.12061e-22
1.12061e-22
1.12061e-22
1.12061e-22
1.12061e-22
1.12061e-22
1.12061e-22
1.12061e-22
1.12061e-22
1.12061e-22
1.12061e-22
1.12061e-22
1.12061e-22
1.12061e-22
1.12061e-22
1.12061e-22
1.12061e-22
1.12061e-22
1.12061e-22
1.12061e-22
1.12061e-22
1.12061e-22
1.12061e-22
1.12061e-22
1.12061e-22
1.12061e-22
1.12061e-22
1.12061e-22
1.12061e-22
1.12061e-22
1.12061e-22
1.12061e-22
1.12061e-22
1.12061e-22
1.12061e-22
1.12061e-22
1.12061e-22
1.12061e-22
1.12061e-22
1.12061e-22
1.12061e-22
1.12061e-22
1.12061e-22
1.12061e-22
1.12061e-22
1.12061e-22
1.12061e-22
1.12061e-22
1.12061e-22
1.12061e-22
1.12061e-22
1.12061e-22
1.12061e-22
1.12061e-22
1.12061e-22
1.12061e-22
1.12061e-22
1.12061e-22
1.12061e-22
1.12061e-22
1.12061e-22
1.12061e-22
1.12061e-22
1.12061e-22
1.12061e-22
1.12061e-22
1.12061e-22
1.12061e-22
1.12061e-22
1.12061e-22
1.12061e-22
1.12061e-22
1.12061e-22
1.12061e-22
1.12061e-22
1.12061e-22
1.12061e-22
1.12061e-22
1.12061e-22
1.12061e-22
1.12061e-22
1.12061e-22
1.12061e-22
1.12061e-22
1.12061e-22
1.12061e-22
1.12061e-22
1.12061e-22
1.12061e-22
1.12061e-22
1.12061e-22
1.12061e-22
1.12061e-22
1.12061e-22
1.12061e-22
1.12061e-22
1.12061e-22
1.12061e-22
1.12061e-22
1.12061e-22
1.12061e-22
1.12061e-22
1.12061e-22
1.12061e-22
1.12061e-22
1.12061e-22
1.12061e-22
1.12061e-22
1.12061e-22
1.12061e-22
1.12061e-22
1.12061e-22
1.12061e-22
1.12061e-22
1.12061e-22
1.12061e-22
1.12061e-22
1.12061e-22
1.12061e-22
1.12061e-22
1.12061e-22
1.12061e-22
1.12061e-22
1.12061e-22
1.12061e-22
1.12061e-22
1.12061e-22
1.12061e-22
1.12061e-22
1.12061e-22
1.12061e-22
1.12061e-22
1.12061e-22
1.12061e-22
1.12061e-22
1.12061e-22
1.12061e-22
1.12061e-22
1.12061e-22
1.12061e-22
1.12061e-22
1.12061e-22
1.12061e-22
1.12061e-22
1.12061e-22
1.12061e-22
1.12061e-22
1.12061e-22
1.12061e-22
1.12061e-22
1.12061e-22
1.12061e-22
1.12061e-22
1.12061e-22
1.12061e-22
1.12061e-22
1.12061e-22
1.12061e-22
1.12061e-22
1.12061e-22
1.12061e-22
1.12061e-22
1.12061e-22
1.12061e-22
1.12061e-22
1.12061e-22
1.12061e-22
1.12061e-22
1.12061e-22
1.12061e-22
1.12061e-22
1.12061e-22
1.12061e-22
1.12061e-22
1.12061e-22
1.12061e-22
1.12061e-22
1.12061e-22
1.12061e-22
1.12061e-22
1.12061e-22
1.12061e-22
1.12061e-22
1.12061e-22
1.12061e-22
1.12061e-22
1.12061e-22
1.12061e-22
1.12061e-22
1.12061e-22
1.12061e-22
1.12061e-22
1.12061e-22
1.12061e-22
1.12061e-22
1.12061e-22
1.12061e-22
1.12061e-22
1.12061e-22
1.12061e-22
1.12061e-22
1.12061e-22
1.12061e-22
1.12061e-22
1.12061e-22
1.12061e-22
1.12061e-22
1.12061e-22
1.12061e-22
1.12061e-22
1.12061e-22
1.12061e-22
1.12061e-22
1.12061e-22
1.12061e-22
1.12061e-22
1.12061e-22
1.12061e-22
1.12061e-22
1.12061e-22
1.12061e-22
1.12061e-22
1.12061e-22
1.12061e-22
1.12061e-22
1.12061e-22
1.12061e-22
1.12061e-22
1.12061e-22
1.12061e-22
1.12061e-22
1.12061e-22
1.12061e-22
1.12061e-22
1.12061e-22
1.12061e-22
1.12061e-22
1.12061e-22
1.12061e-22
1.12061e-22
1.12061e-22
1.12061e-22
1.12061e-22
1.12061e-22
1.12061e-22
1.12061e-22
1.12061e-22
1.12061e-22
1.12061e-22
1.12061e-22
1.12061e-22
1.12061e-22
1.12061e-22
1.12061e-22
1.12061e-22
1.12061e-22
1.12061e-22
1.12061e-22
1.12061e-22
1.12061e-22
1.12061e-22
1.12061e-22
1.12061e-22
1.12061e-22
1.12061e-22
1.12061e-22
1.12061e-22
1.12061e-22
1.12061e-22
1.12061e-22
1.12061e-22
1.12061e-22
1.12061e-22
1.12061e-22
1.12061e-22
1.12061e-22
1.12061e-22
1.12061e-22
1.12061e-22
1.12061e-22
1.12061e-22
1.12061e-22
1.12061e-22
1.12061e-22
1.12061e-22
1.12061e-22
1.12061e-22
1.12061e-22
1.12061e-22
1.12061e-22
1.12061e-22
1.12061e-22
1.12061e-22
1.12061e-22
1.12061e-22
1.12061e-22
1.12061e-22
1.12061e-22
1.12061e-22
1.12061e-22
1.12061e-22
1.12061e-22
1.12061e-22
1.12061e-22
1.12061e-22
1.12061e-22
1.12061e-22
1.12061e-22
1.12061e-22
1.12061e-22
1.12061e-22
1.12061e-22
1.12061e-22
1.12061e-22
1.12061e-22
1.12061e-22
1.12061e-22
1.12061e-22
1.12061e-22
1.12061e-22
1.12061e-22
1.12061e-22
1.12061e-22
1.12061e-22
1.12061e-22
1.12061e-22
1.12061e-22
1.12061e-22
1.12061e-22
1.12061e-22
1.12061e-22
1.12061e-22
1.12061e-22
1.12061e-22
1.12061e-22
1.12061e-22
1.12061e-22
1.12061e-22
1.12061e-22
1.12061e-22
1.12061e-22
1.12061e-22
1.12061e-22
1.12061e-22
1.12061e-22
1.12061e-22
1.12061e-22
1.12061e-22
1.12061e-22
1.12061e-22
1.12061e-22
1.12061e-22
1.12061e-22
1.12061e-22
1.12061e-22
1.12061e-22
1.12061e-22
1.12061e-22
1.12061e-22
1.12061e-22
1.12061e-22
1.12061e-22
1.12061e-22
1.12061e-22
1.12061e-22
1.12061e-22
1.12061e-22
1.12061e-22
1.12061e-22
1.12061e-22
1.12061e-22
1.12061e-22
1.12061e-22
1.12061e-22
1.12061e-22
1.12061e-22
1.12061e-22
1.12061e-22
1.12061e-22
1.12061e-22
1.12061e-22
1.12061e-22
1.12061e-22
1.12061e-22
1.12061e-22
1.12061e-22
1.12061e-22
1.12061e-22
1.12061e-22
1.12061e-22
1.12061e-22
1.12061e-22
1.12061e-22
1.12061e-22
1.12061e-22
1.12061e-22
1.12061e-22
1.12061e-22
1.12061e-22
1.12061e-22
1.12061e-22
1.12061e-22
1.12061e-22
1.12061e-22
1.12061e-22
1.12061e-22
1.12061e-22
1.12061e-22
1.12061e-22
1.12061e-22
1.12061e-22
1.12061e-22
1.12061e-22
1.12061e-22
1.12061e-22
1.12061e-22
1.12061e-22
1.12061e-22
1.12061e-22
1.12061e-22
1.12061e-22
1.12061e-22
1.12061e-22
1.12061e-22
1.12061e-22
1.12061e-22
1.12061e-22
1.12061e-22
1.12061e-22
1.12061e-22
1.12061e-22
1.12061e-22
1.12061e-22
1.12061e-22
1.12061e-22
1.12061e-22
1.12061e-22
1.12061e-22
1.12061e-22
1.12061e-22
1.12061e-22
1.12061e-22
1.12061e-22
1.12061e-22
1.12061e-22
1.12061e-22
1.12061e-22
1.12061e-22
1.12061e-22
1.12061e-22
1.12061e-22
1.12061e-22
1.12061e-22
1.12061e-22
1.12061e-22
1.12061e-22
1.12061e-22
1.12061e-22
1.12061e-22
1.12061e-22
1.12061e-22
1.12061e-22
1.12061e-22
1.12061e-22
1.12061e-22
1.12061e-22
1.12061e-22
1.12061e-22
1.12061e-22
1.12061e-22
1.12061e-22
1.12061e-22
1.12061e-22
1.12061e-22
1.12061e-22
1.12061e-22
1.12061e-22
1.12061e-22
1.12061e-22
1.12061e-22
1.12061e-22
1.12061e-22
1.12061e-22
1.12061e-22
1.12061e-22
1.12061e-22
1.12061e-22
1.12061e-22
1.12061e-22
1.12061e-22
1.12061e-22
1.12061e-22
1.12061e-22
1.12061e-22
1.12061e-22
1.12061e-22
1.12061e-22
1.12061e-22
1.12061e-22
1.12061e-22
1.12061e-22
1.12061e-22
1.12061e-22
1.12061e-22
1.12061e-22
1.12061e-22
1.12061e-22
1.12061e-22
1.12061e-22
1.12061e-22
1.12061e-22
1.12061e-22
1.12061e-22
1.12061e-22
1.12061e-22
1.12061e-22
1.12061e-22
1.12061e-22
1.12061e-22
1.12061e-22
1.12061e-22
1.12061e-22
1.12061e-22
1.12061e-22
1.12061e-22
1.12061e-22
1.12061e-22
1.12061e-22
1.12061e-22
1.12061e-22
1.12061e-22
1.12061e-22
1.12061e-22
1.12061e-22
1.12061e-22
1.12061e-22
1.12061e-22
1.12061e-22
1.12061e-22
1.12061e-22
1.12061e-22
1.12061e-22
1.12061e-22
1.12061e-22
1.12061e-22
1.12061e-22
1.12061e-22
1.12061e-22
1.12061e-22
1.12061e-22
1.12061e-22
1.12061e-22
1.12061e-22
1.12061e-22
1.12061e-22
1.12061e-22
1.12061e-22
1.12061e-22
1.12061e-22
1.12061e-22
1.12061e-22
1.12061e-22
1.12061e-22
1.12061e-22
1.12061e-22
1.12061e-22
1.12061e-22
1.12061e-22
1.12061e-22
1.12061e-22
1.12061e-22
1.12061e-22
1.12061e-22
1.12061e-22
1.12061e-22
1.12061e-22
1.12061e-22
1.12061e-22
1.12061e-22
1.12061e-22
1.12061e-22
1.12061e-22
1.12061e-22
1.12061e-22
1.12061e-22
1.12061e-22
1.12061e-22
1.12061e-22
1.12061e-22
1.12061e-22
1.12061e-22
1.12061e-22
1.12061e-22
1.12061e-22
1.12061e-22
1.12061e-22
1.12061e-22
1.12061e-22
1.12061e-22
1.12061e-22
1.12061e-22
1.12061e-22
1.12061e-22
1.12061e-22
1.12061e-22
1.12061e-22
1.12061e-22
1.12061e-22
1.12061e-22
1.12061e-22
1.12061e-22
1.12061e-22
1.12061e-22
1.12061e-22
1.12061e-22
1.12061e-22
1.12061e-22
1.12061e-22
1.12061e-22
1.12061e-22
1.12061e-22
1.12061e-22
1.12061e-22
1.12061e-22
1.12061e-22
1.12061e-22
1.12061e-22
1.12061e-22
1.12061e-22
1.12061e-22
1.12061e-22
1.12061e-22
1.12061e-22
1.12061e-22
1.12061e-22
1.12061e-22
1.12061e-22
1.12061e-22
1.12061e-22
1.12061e-22
1.12061e-22
1.12061e-22
1.12061e-22
1.12061e-22
1.12061e-22
1.12061e-22
1.12061e-22
1.12061e-22
1.12061e-22
1.12061e-22
1.12061e-22
1.12061e-22
1.12061e-22
1.12061e-22
1.12061e-22
1.12061e-22
1.12061e-22
1.12061e-22
1.12061e-22
1.12061e-22
1.12061e-22
1.12061e-22
1.12061e-22
1.12061e-22
1.12061e-22
1.12061e-22
1.12061e-22
1.12061e-22
1.12061e-22
1.12061e-22
1.12061e-22
1.12061e-22
1.12061e-22
1.12061e-22
1.12061e-22
1.12061e-22
1.12061e-22
1.12061e-22
1.12061e-22
1.12061e-22
1.12061e-22
1.12061e-22
1.12061e-22
1.12061e-22
1.12061e-22
1.12061e-22
1.12061e-22
1.12061e-22
1.12061e-22
1.12061e-22
1.12061e-22
1.12061e-22
1.12061e-22
1.12061e-22
1.12061e-22
1.12061e-22
1.12061e-22
1.12061e-22
1.12061e-22
1.12061e-22
1.12061e-22
1.12061e-22
1.12061e-22
1.12061e-22
1.12061e-22
1.12061e-22
1.12061e-22
1.12061e-22
1.12061e-22
1.12061e-22
1.12061e-22
1.12061e-22
1.12061e-22
1.12061e-22
1.12061e-22
1.12061e-22
1.12061e-22
1.12061e-22
1.12061e-22
1.12061e-22
1.12061e-22
1.12061e-22
1.12061e-22
1.12061e-22
1.12061e-22
1.12061e-22
1.12061e-22
1.12061e-22
1.12061e-22
1.12061e-22
1.12061e-22
1.12061e-22
1.12061e-22
1.12061e-22
1.12061e-22
1.12061e-22
1.12061e-22
1.12061e-22
1.12061e-22
1.12061e-22
1.12061e-22
1.12061e-22
1.12061e-22
1.12061e-22
1.12061e-22
1.12061e-22
1.12061e-22
1.12061e-22
1.12061e-22
1.12061e-22
1.12061e-22
1.12061e-22
1.12061e-22
1.12061e-22
1.12061e-22
1.12061e-22
1.12061e-22
1.12061e-22
1.12061e-22
1.12061e-22
1.12061e-22
1.12061e-22
1.12061e-22
1.12061e-22
1.12061e-22
1.12061e-22
1.12061e-22
1.12061e-22
1.12061e-22
1.12061e-22
1.12061e-22
1.12061e-22
1.12061e-22
1.12061e-22
1.12061e-22
1.12061e-22
1.12061e-22
1.12061e-22
1.12061e-22
1.12061e-22
1.12061e-22
1.12061e-22
1.12061e-22
1.12061e-22
1.12061e-22
1.12061e-22
1.12061e-22
1.12061e-22
1.12061e-22
1.12061e-22
1.12061e-22
1.12061e-22
1.12061e-22
1.12061e-22
1.12061e-22
1.12061e-22
1.12061e-22
1.12061e-22
1.12061e-22
1.12061e-22
1.12061e-22
1.12061e-22
1.12061e-22
1.12061e-22
1.12061e-22
1.12061e-22
1.12061e-22
1.12061e-22
1.12061e-22
1.12061e-22
1.12061e-22
1.12061e-22
1.12061e-22
1.12061e-22
1.12061e-22
1.12061e-22
1.12061e-22
1.12061e-22
1.12061e-22
1.12061e-22
1.12061e-22
1.12061e-22
1.12061e-22
1.12061e-22
1.12061e-22
1.12061e-22
1.12061e-22
1.12061e-22
1.12061e-22
1.12061e-22
1.12061e-22
1.12061e-22
1.12061e-22
1.12061e-22
1.12061e-22
1.12061e-22
1.12061e-22
1.12061e-22
1.12061e-22
1.12061e-22
1.12061e-22
1.12061e-22
1.12061e-22
1.12061e-22
1.12061e-22
1.12061e-22
1.12061e-22
1.12061e-22
1.12061e-22
1.12061e-22
1.12061e-22
1.12061e-22
1.12061e-22
1.12061e-22
1.12061e-22
1.12061e-22
1.12061e-22
1.12061e-22
1.12061e-22
1.12061e-22
1.12061e-22
1.12061e-22
1.12061e-22
1.12061e-22
1.12061e-22
1.12061e-22
1.12061e-22
1.12061e-22
1.12061e-22
1.12061e-22
1.12061e-22
1.12061e-22
1.12061e-22
1.12061e-22
1.12061e-22
1.12061e-22
1.12061e-22
1.12061e-22
1.12061e-22
1.12061e-22
1.12061e-22
1.12061e-22
1.12061e-22
1.12061e-22
1.12061e-22
1.12061e-22
1.12061e-22
1.12061e-22
1.12061e-22
1.12061e-22
1.12061e-22
1.12061e-22
1.12061e-22
1.12061e-22
1.12061e-22
1.12061e-22
1.12061e-22
1.12061e-22
1.12061e-22
1.12061e-22
1.12061e-22
1.12061e-22
1.12061e-22
1.12061e-22
1.12061e-22
1.12061e-22
1.12061e-22
1.12061e-22
1.12061e-22
1.12061e-22
1.12061e-22
1.12061e-22
1.12061e-22
1.12061e-22
1.12061e-22
1.12061e-22
1.12061e-22
1.12061e-22
1.12061e-22
1.12061e-22
1.12061e-22
1.12061e-22
1.12061e-22
1.12061e-22
1.12061e-22
1.12061e-22
1.12061e-22
1.12061e-22
1.12061e-22
1.12061e-22
1.12061e-22
1.12061e-22
1.12061e-22
1.12061e-22
1.12061e-22
1.12061e-22
1.12061e-22
1.12061e-22
1.12061e-22
1.12061e-22
1.12061e-22
1.12061e-22
1.12061e-22
1.12061e-22
1.12061e-22
1.12061e-22
1.12061e-22
1.12061e-22
1.12061e-22
1.12061e-22
1.12061e-22
1.12061e-22
1.12061e-22
1.12061e-22
1.12061e-22
1.12061e-22
1.12061e-22
1.12061e-22
1.12061e-22
1.12061e-22
1.12061e-22
1.12061e-22
1.12061e-22
1.12061e-22
1.12061e-22
1.12061e-22
1.12061e-22
1.12061e-22
1.12061e-22
1.12061e-22
1.12061e-22
1.12061e-22
1.12061e-22
1.12061e-22
1.12061e-22
1.12061e-22
1.12061e-22
1.12061e-22
1.12061e-22
1.12061e-22
1.12061e-22
1.12061e-22
1.12061e-22
1.12061e-22
1.12061e-22
1.12061e-22
1.12061e-22
1.12061e-22
1.12061e-22
1.12061e-22
1.12061e-22
1.12061e-22
1.12061e-22
1.12061e-22
1.12061e-22
1.12061e-22
1.12061e-22
1.12061e-22
1.12061e-22
1.12061e-22
1.12061e-22
1.12061e-22
1.12061e-22
1.12061e-22
1.12061e-22
1.12061e-22
1.12061e-22
1.12061e-22
1.12061e-22
1.12061e-22
1.12061e-22
1.12061e-22
1.12061e-22
1.12061e-22
1.12061e-22
1.12061e-22
1.12061e-22
1.12061e-22
1.12061e-22
1.12061e-22
1.12061e-22
1.12061e-22
1.12061e-22
1.12061e-22
1.12061e-22
1.12061e-22
1.12061e-22
1.12061e-22
1.12061e-22
1.12061e-22
1.12061e-22
1.12061e-22
1.12061e-22
1.12061e-22
1.12061e-22
1.12061e-22
1.12061e-22
1.12061e-22
1.12061e-22
1.12061e-22
1.12061e-22
1.12061e-22
1.12061e-22
1.12061e-22
1.12061e-22
1.12061e-22
1.12061e-22
1.12061e-22
1.12061e-22
1.12061e-22
1.12061e-22
1.12061e-22
1.12061e-22
1.12061e-22
1.12061e-22
1.12061e-22
1.12061e-22
1.12061e-22
1.12061e-22
1.12061e-22
1.12061e-22
1.12061e-22
1.12061e-22
1.12061e-22
1.12061e-22
1.12061e-22
1.12061e-22
1.12061e-22
1.12061e-22
1.12061e-22
1.12061e-22
1.12061e-22
1.12061e-22
1.12061e-22
1.12061e-22
1.12061e-22
1.12061e-22
1.12061e-22
1.12061e-22
1.12061e-22
1.12061e-22
1.12061e-22
1.12061e-22
1.12061e-22
1.12061e-22
1.12061e-22
1.12061e-22
1.12061e-22
1.12061e-22
1.12061e-22
1.12061e-22
1.12061e-22
1.12061e-22
1.12061e-22
1.12061e-22
1.12061e-22
1.12061e-22
1.12061e-22
1.12061e-22
1.12061e-22
1.12061e-22
1.12061e-22
1.12061e-22
1.12061e-22
1.12061e-22
1.12061e-22
1.12061e-22
1.12061e-22
1.12061e-22
1.12061e-22
1.12061e-22
1.12061e-22
1.12061e-22
1.12061e-22
1.12061e-22
1.12061e-22
1.12061e-22
1.12061e-22
1.12061e-22
1.12061e-22
1.12061e-22
1.12061e-22
1.12061e-22
1.12061e-22
1.12061e-22
1.12061e-22
1.12061e-22
1.12061e-22
1.12061e-22
1.12061e-22
1.12061e-22
1.12061e-22
1.12061e-22
1.12061e-22
1.12061e-22
1.12061e-22
1.12061e-22
1.12061e-22
1.12061e-22
1.12061e-22
1.12061e-22
1.12061e-22
1.12061e-22
1.12061e-22
1.12061e-22
1.12061e-22
1.12061e-22
1.12061e-22
1.12061e-22
1.12061e-22
1.12061e-22
1.12061e-22
1.12061e-22
1.12061e-22
1.12061e-22
1.12061e-22
1.12061e-22
1.12061e-22
1.12061e-22
1.12061e-22
1.12061e-22
1.12061e-22
1.12061e-22
1.12061e-22
1.12061e-22
1.12061e-22
1.12061e-22
1.12061e-22
1.12061e-22
1.12061e-22
1.12061e-22
1.12061e-22
1.12061e-22
1.12061e-22
1.12061e-22
1.12061e-22
1.12061e-22
1.12061e-22
1.12061e-22
1.12061e-22
1.12061e-22
1.12061e-22
1.12061e-22
1.12061e-22
1.12061e-22
1.12061e-22
1.12061e-22
1.12061e-22
1.12061e-22
1.12061e-22
1.12061e-22
1.12061e-22
1.12061e-22
1.12061e-22
1.12061e-22
1.12061e-22
1.12061e-22
1.12061e-22
1.12061e-22
1.12061e-22
1.12061e-22
1.12061e-22
1.12061e-22
1.12061e-22
1.12061e-22
1.12061e-22
1.12061e-22
1.12061e-22
1.12061e-22
1.12061e-22
1.12061e-22
1.12061e-22
1.12061e-22
1.12061e-22
1.12061e-22
1.12061e-22
1.12061e-22
1.12061e-22
1.12061e-22
1.12061e-22
1.12061e-22
1.12061e-22
1.12061e-22
1.12061e-22
1.12061e-22
1.12061e-22
1.12061e-22
1.12061e-22
1.12061e-22
1.12061e-22
1.12061e-22
1.12061e-22
1.12061e-22
1.12061e-22
1.12061e-22
1.12061e-22
1.12061e-22
1.12061e-22
1.12061e-22
1.12061e-22
1.12061e-22
1.12061e-22
1.12061e-22
1.12061e-22
1.12061e-22
1.12061e-22
1.12061e-22
1.12061e-22
1.12061e-22
1.12061e-22
1.12061e-22
1.12061e-22
1.12061e-22
1.12061e-22
1.12061e-22
1.12061e-22
1.12061e-22
1.12061e-22
1.12061e-22
1.12061e-22
1.12061e-22
1.12061e-22
1.12061e-22
1.12061e-22
1.12061e-22
1.12061e-22
1.12061e-22
1.12061e-22
1.12061e-22
1.12061e-22
1.12061e-22
1.12061e-22
1.12061e-22
1.12061e-22
1.12061e-22
1.12061e-22
1.12061e-22
1.12061e-22
1.12061e-22
1.12061e-22
1.12061e-22
1.12061e-22
