-0
-1.57078e-07
-3.14146e-07
-4.71195e-07
-6.28215e-07
-7.85196e-07
-9.42129e-07
-1.099e-06
-1.25581e-06
-1.41254e-06
-1.56918e-06
-1.72573e-06
-1.88217e-06
-2.03849e-06
-2.19469e-06
-2.35075e-06
-2.50666e-06
-2.66243e-06
-2.81802e-06
-2.97345e-06
-3.12869e-06
-3.28374e-06
-3.43858e-06
-3.59321e-06
-3.74763e-06
-3.90181e-06
-4.05575e-06
-4.20944e-06
-4.36286e-06
-4.51603e-06
-4.66891e-06
-4.8215e-06
-4.9738e-06
-5.12579e-06
-5.27746e-06
-5.42881e-06
-5.57982e-06
-5.73049e-06
-5.88081e-06
-6.03076e-06
-6.18034e-06
-6.32954e-06
-6.47835e-06
-6.62676e-06
-6.77476e-06
-6.92234e-06
-7.0695e-06
-7.21622e-06
-7.36249e-06
-7.50831e-06
-7.65367e-06
-7.79855e-06
-7.94296e-06
-8.08687e-06
-8.23029e-06
-8.37319e-06
-8.51559e-06
-8.65745e-06
-8.79878e-06
-8.93957e-06
-9.07981e-06
-9.21949e-06
-9.3586e-06
-9.49713e-06
-9.63507e-06
-9.77242e-06
-9.90917e-06
-1.00453e-05
-1.01808e-05
-1.03157e-05
-1.045e-05
-1.05836e-05
-1.07165e-05
-1.08488e-05
-1.09805e-05
-1.11114e-05
-1.12417e-05
-1.13712e-05
-1.15001e-05
-1.16283e-05
-1.17557e-05
-1.18824e-05
-1.20084e-05
-1.21336e-05
-1.22581e-05
-1.23819e-05
-1.25049e-05
-1.26271e-05
-1.27485e-05
-1.28691e-05
-1.2989e-05
-1.3108e-05
-1.32262e-05
-1.33437e-05
-1.34603e-05
-1.3576e-05
-1.36909e-05
-1.3805e-05
-1.39183e-05
-1.40306e-05
-1.41421e-05
-1.42528e-05
-1.43625e-05
-1.44714e-05
-1.45794e-05
-1.46865e-05
-1.47926e-05
-1.48979e-05
-1.50022e-05
-1.51056e-05
-1.52081e-05
-1.53097e-05
-1.54103e-05
-1.55099e-05
-1.56086e-05
-1.57063e-05
-1.58031e-05
-1.58989e-05
-1.59937e-05
-1.60875e-05
-1.61803e-05
-1.62722e-05
-1.6363e-05
-1.64528e-05
-1.65416e-05
-1.66294e-05
-1.67161e-05
-1.68019e-05
-1.68866e-05
-1.69702e-05
-1.70528e-05
-1.71344e-05
-1.72148e-05
-1.72943e-05
-1.73726e-05
-1.74499e-05
-1.75261e-05
-1.76013e-05
-1.76753e-05
-1.77483e-05
-1.78201e-05
-1.78909e-05
-1.79606e-05
-1.80291e-05
-1.80965e-05
-1.81629e-05
-1.82281e-05
-1.82921e-05
-1.83551e-05
-1.84169e-05
-1.84776e-05
-1.85371e-05
-1.85955e-05
-1.86528e-05
-1.87089e-05
-1.87638e-05
-1.88176e-05
-1.88702e-05
-1.89217e-05
-1.8972e-05
-1.90211e-05
-1.90691e-05
-1.91159e-05
-1.91615e-05
-1.92059e-05
-1.92491e-05
-1.92911e-05
-1.9332e-05
-1.93717e-05
-1.94101e-05
-1.94474e-05
-1.94835e-05
-1.95183e-05
-1.9552e-05
-1.95845e-05
-1.96157e-05
-1.96457e-05
-1.96746e-05
-1.97022e-05
-1.97286e-05
-1.97538e-05
-1.97777e-05
-1.98005e-05
-1.9822e-05
-1.98423e-05
-1.98614e-05
-1.98792e-05
-1.98958e-05
-1.99112e-05
-1.99254e-05
-1.99383e-05
-1.99501e-05
-1.99605e-05
-1.99698e-05
-1.99778e-05
-1.99846e-05
-1.99901e-05
-1.99944e-05
-1.99975e-05
-1.99994e-05
-2e-05
-1.99994e-05
-1.99975e-05
-1.99944e-05
-1.99901e-05
-1.99846e-05
-1.99778e-05
-1.99698e-05
-1.99605e-05
-1.99501e-05
-1.99383e-05
-1.99254e-05
-1.99112e-05
-1.98958e-05
-1.98792e-05
-1.98614e-05
-1.98423e-05
-1.9822e-05
-1.98005e-05
-1.97777e-05
-1.97538e-05
-1.97286e-05
-1.97022e-05
-1.96746e-05
-1.96457e-05
-1.96157e-05
-1.95845e-05
-1.9552e-05
-1.95183e-05
-1.94835e-05
-1.94474e-05
-1.94101e-05
-1.93717e-05
-1.9332e-05
-1.92911e-05
-1.92491e-05
-1.92059e-05
-1.91615e-05
-1.91159e-05
-1.90691e-05
-1.90211e-05
-1.8972e-05
-1.89217e-05
-1.88702e-05
-1.88176e-05
-1.87638e-05
-1.87089e-05
-1.86528e-05
-1.85955e-05
-1.85371e-05
-1.84776e-05
-1.84169e-05
-1.83551e-05
-1.82921e-05
-1.82281e-05
-1.81629e-05
-1.80965e-05
-1.80291e-05
-1.79606e-05
-1.78909e-05
-1.78201e-05
-1.77483e-05
-1.76753e-05
-1.76013e-05
-1.75261e-05
-1.74499e-05
-1.73726e-05
-1.72943e-05
-1.72148e-05
-1.71344e-05
-1.70528e-05
-1.69702e-05
-1.68866e-05
-1.68019e-05
-1.67161e-05
-1.66294e-05
-1.65416e-05
-1.64528e-05
-1.6363e-05
-1.62722e-05
-1.61803e-05
-1.60875e-05
-1.59937e-05
-1.58989e-05
-1.58031e-05
-1.57063e-05
-1.56086e-05
-1.55099e-05
-1.54103e-05
-1.53097e-05
-1.52081e-05
-1.51056e-05
-1.50022e-05
-1.48979e-05
-1.47926e-05
-1.46865e-05
-1.45794e-05
-1.44714e-05
-1.43625e-05
-1.42528e-05
-1.41421e-05
-1.40306e-05
-1.39183e-05
-1.3805e-05
-1.36909e-05
-1.3576e-05
-1.34603e-05
-1.33437e-05
-1.32262e-05
-1.3108e-05
-1.2989e-05
-1.28691e-05
-1.27485e-05
-1.26271e-05
-1.25049e-05
-1.23819e-05
-1.22581e-05
-1.21336e-05
-1.20084e-05
-1.18824e-05
-1.17557e-05
-1.16283e-05
-1.15001e-05
-1.13712e-05
-1.12417e-05
-1.11114e-05
-1.09805e-05
-1.08488e-05
-1.07165e-05
-1.05836e-05
-1.045e-05
-1.03157e-05
-1.01808e-05
-1.00453e-05
-9.90917e-06
-9.77242e-06
-9.63507e-06
-9.49713e-06
-9.3586e-06
-9.21949e-06
-9.07981e-06
-8.93957e-06
-8.79878e-06
-8.65745e-06
-8.51559e-06
-8.37319e-06
-8.23029e-06
-8.08687e-06
-7.94296e-06
-7.79855e-06
-7.65367e-06
-7.50831e-06
-7.36249e-06
-7.21622e-06
-7.0695e-06
-6.92234e-06
-6.77476e-06
-6.62676e-06
-6.47835e-06
-6.32954e-06
-6.18034e-06
-6.03076e-06
-5.88081e-06
-5.73049e-06
-5.57982e-06
-5.42881e-06
-5.27746e-06
-5.12579e-06
-4.9738e-06
-4.8215e-06
-4.66891e-06
-4.51603e-06
-4.36286e-06
-4.20944e-06
-4.05575e-06
-3.90181e-06
-3.74763e-06
-3.59321e-06
-3.43858e-06
-3.28374e-06
-3.12869e-06
-2.97345e-06
-2.81802e-06
-2.66243e-06
-2.50666e-06
-2.35075e-06
-2.19469e-06
-2.03849e-06
-1.88217e-06
-1.72573e-06
-1.56918e-06
-1.41254e-06
-1.25581e-06
-1.099e-06
-9.42129e-07
-7.85196e-07
-6.28215e-07
-4.71195e-07
-3.14146e-07
-1.57078e-07
-2.44929e-21
1.57078e-07
3.14146e-07
4.71195e-07
6.28215e-07
7.85196e-07
9.42129e-07
1.099e-06
1.25581e-06
1.41254e-06
1.56918e-06
1.72573e-06
1.88217e-06
2.03849e-06
2.19469e-06
2.35075e-06
2.50666e-06
2.66243e-06
2.81802e-06
2.97345e-06
3.12869e-06
3.28374e-06
3.43858e-06
3.59321e-06
3.74763e-06
3.90181e-06
4.05575e-06
4.20944e-06
4.36286e-06
4.51603e-06
4.66891e-06
4.8215e-06
4.9738e-06
5.12579e-06
5.27746e-06
5.42881e-06
5.57982e-06
5.73049e-06
5.88081e-06
6.03076e-06
6.18034e-06
6.32954e-06
6.47835e-06
6.62676e-06
6.77476e-06
6.92234e-06
7.0695e-06
7.21622e-06
7.36249e-06
7.50831e-06
7.65367e-06
7.79855e-06
7.94296e-06
8.08687e-06
8.23029e-06
8.37319e-06
8.51559e-06
8.65745e-06
8.79878e-06
8.93957e-06
9.07981e-06
9.21949e-06
9.3586e-06
9.49713e-06
9.63507e-06
9.77242e-06
9.90917e-06
1.00453e-05
1.01808e-05
1.03157e-05
1.045e-05
1.05836e-05
1.07165e-05
1.08488e-05
1.09805e-05
1.11114e-05
1.12417e-05
1.13712e-05
1.15001e-05
1.16283e-05
1.17557e-05
1.18824e-05
1.20084e-05
1.21336e-05
1.22581e-05
1.23819e-05
1.25049e-05
1.26271e-05
1.27485e-05
1.28691e-05
1.2989e-05
1.3108e-05
1.32262e-05
1.33437e-05
1.34603e-05
1.3576e-05
1.36909e-05
1.3805e-05
1.39183e-05
1.40306e-05
1.41421e-05
1.42528e-05
1.43625e-05
1.44714e-05
1.45794e-05
1.46865e-05
1.47926e-05
1.48979e-05
1.50022e-05
1.51056e-05
1.52081e-05
1.53097e-05
1.54103e-05
1.55099e-05
1.56086e-05
1.57063e-05
1.58031e-05
1.58989e-05
1.59937e-05
1.60875e-05
1.61803e-05
1.62722e-05
1.6363e-05
1.64528e-05
1.65416e-05
1.66294e-05
1.67161e-05
1.68019e-05
1.68866e-05
1.69702e-05
1.70528e-05
1.71344e-05
1.72148e-05
1.72943e-05
1.73726e-05
1.74499e-05
1.75261e-05
1.76013e-05
1.76753e-05
1.77483e-05
1.78201e-05
1.78909e-05
1.79606e-05
1.80291e-05
1.80965e-05
1.81629e-05
1.82281e-05
1.82921e-05
1.83551e-05
1.84169e-05
1.84776e-05
1.85371e-05
1.85955e-05
1.86528e-05
1.87089e-05
1.87638e-05
1.88176e-05
1.88702e-05
1.89217e-05
1.8972e-05
1.90211e-05
1.90691e-05
1.91159e-05
1.91615e-05
1.92059e-05
1.92491e-05
1.92911e-05
1.9332e-05
1.93717e-05
1.94101e-05
1.94474e-05
1.94835e-05
1.95183e-05
1.9552e-05
1.95845e-05
1.96157e-05
1.96457e-05
1.96746e-05
1.97022e-05
1.97286e-05
1.97538e-05
1.97777e-05
1.98005e-05
1.9822e-05
1.98423e-05
1.98614e-05
1.98792e-05
1.98958e-05
1.99112e-05
1.99254e-05
1.99383e-05
1.99501e-05
1.99605e-05
1.99698e-05
1.99778e-05
1.99846e-05
1.99901e-05
1.99944e-05
1.99975e-05
1.99994e-05
2e-05
1.99994e-05
1.99975e-05
1.99944e-05
1.99901e-05
1.99846e-05
1.99778e-05
1.99698e-05
1.99605e-05
1.99501e-05
1.99383e-05
1.99254e-05
1.99112e-05
1.98958e-05
1.98792e-05
1.98614e-05
1.98423e-05
1.9822e-05
1.98005e-05
1.97777e-05
1.97538e-05
1.97286e-05
1.97022e-05
1.96746e-05
1.96457e-05
1.96157e-05
1.95845e-05
1.9552e-05
1.95183e-05
1.94835e-05
1.94474e-05
1.94101e-05
1.93717e-05
1.9332e-05
1.92911e-05
1.92491e-05
1.92059e-05
1.91615e-05
1.91159e-05
1.90691e-05
1.90211e-05
1.8972e-05
1.89217e-05
1.88702e-05
1.88176e-05
1.87638e-05
1.87089e-05
1.86528e-05
1.85955e-05
1.85371e-05
1.84776e-05
1.84169e-05
1.83551e-05
1.82921e-05
1.82281e-05
1.81629e-05
1.80965e-05
1.80291e-05
1.79606e-05
1.78909e-05
1.78201e-05
1.77483e-05
1.76753e-05
1.76013e-05
1.75261e-05
1.74499e-05
1.73726e-05
1.72943e-05
1.72148e-05
1.71344e-05
1.70528e-05
1.69702e-05
1.68866e-05
1.68019e-05
1.67161e-05
1.66294e-05
1.65416e-05
1.64528e-05
1.6363e-05
1.62722e-05
1.61803e-05
1.60875e-05
1.59937e-05
1.58989e-05
1.58031e-05
1.57063e-05
1.56086e-05
1.55099e-05
1.54103e-05
1.53097e-05
1.52081e-05
1.51056e-05
1.50022e-05
1.48979e-05
1.47926e-05
1.46865e-05
1.45794e-05
1.44714e-05
1.43625e-05
1.42528e-05
1.41421e-05
1.40306e-05
1.39183e-05
1.3805e-05
1.36909e-05
1.3576e-05
1.34603e-05
1.33437e-05
1.32262e-05
1.3108e-05
1.2989e-05
1.28691e-05
1.27485e-05
1.26271e-05
1.25049e-05
1.23819e-05
1.22581e-05
1.21336e-05
1.20084e-05
1.18824e-05
1.17557e-05
1.16283e-05
1.15001e-05
1.13712e-05
1.12417e-05
1.11114e-05
1.09805e-05
1.08488e-05
1.07165e-05
1.05836e-05
1.045e-05
1.03157e-05
1.01808e-05
1.00453e-05
9.90917e-06
9.77242e-06
9.63507e-06
9.49713e-06
9.3586e-06
9.21949e-06
9.07981e-06
8.93957e-06
8.79878e-06
8.65745e-06
8.51559e-06
8.37319e-06
8.23029e-06
8.08687e-06
7.94296e-06
7.79855e-06
7.65367e-06
7.50831e-06
7.36249e-06
7.21622e-06
7.0695e-06
6.92234e-06
6.77476e-06
6.62676e-06
6.47835e-06
6.32954e-06
6.18034e-06
6.03076e-06
5.88081e-06
5.73049e-06
5.57982e-06
5.42881e-06
5.27746e-06
5.12579e-06
4.9738e-06
4.8215e-06
4.66891e-06
4.51603e-06
4.36286e-06
4.20944e-06
4.05575e-06
3.90181e-06
3.74763e-06
3.59321e-06
3.43858e-06
3.28374e-06
3.12869e-06
2.97345e-06
2.81802e-06
2.66243e-06
2.50666e-06
2.35075e-06
2.19469e-06
2.03849e-06
1.88217e-06
1.72573e-06
1.56918e-06
1.41254e-06
1.25581e-06
1.099e-06
9.42129e-07
7.85196e-07
6.28215e-07
4.71195e-07
3.14146e-07
1.57078e-07
4.89859e-21
-0
-0
-0
-0
-0
-0
-0
-0
-0
-0
-0
-0
-0
-0
-0
-0
-0
-0
-0
-0
-0
-0
-0
-0
-0
-0
-0
-0
-0
-0
-0
-0
-0
-0
-0
-0
-0
-0
-0
-0
-0
-0
-0
-0
-0
-0
-0
-0
-0
-0
-0
-0
-0
-0
-0
-0
-0
-0
-0
-0
-0
-0
-0
-0
-0
-0
-0
-0
-0
-0
-0
-0
-0
-0
-0
-0
-0
-0
-0
-0
-0
-0
-0
-0
-0
-0
-0
-0
-0
-0
-0
-0
-0
-0
-0
-0
-0
-0
-0
-0
-0
-0
-0
-0
-0
-0
-0
-0
-0
-0
-0
-0
-0
-0
-0
-0
-0
-0
-0
-0
-0
-0
-0
-0
-0
-0
-0
-0
-0
-0
-0
-0
-0
-0
-0
-0
-0
-0
-0
-0
-0
-0
-0
-0
-0
-0
-0
-0
-0
-0
-0
-0
-0
-0
-0
-0
-0
-0
-0
-0
-0
-0
-0
-0
-0
-0
-0
-0
-0
-0
-0
-0
-0
-0
-0
-0
-0
-0
-0
-0
-0
-0
-0
-0
-0
-0
-0
-0
-0
-0
-0
-0
-0
-0
-0
-0
-0
-0
-0
-0
-0
-0
-0
-0
-0
-0
-0
-0
-0
-0
-0
-0
-0
-0
-0
-0
-0
-0
-0
-0
-0
-0
-0
-0
-0
-0
-0
-0
-0
-0
-0
-0
-0
-0
-0
-0
-0
-0
-0
-0
-0
-0
-0
-0
-0
-0
-0
-0
-0
-0
-0
-0
-0
-0
-0
-0
-0
-0
-0
-0
-0
-0
-0
-0
-0
-0
-0
-0
-0
-0
-0
-0
-0
-0
-0
-0
-0
-0
-0
-0
-0
-0
-0
-0
-0
-0
-0
-0
-0
-0
-0
-0
-0
-0
-0
-0
-0
-0
-0
-0
-0
-0
-0
-0
-0
-0
-0
-0
-0
-0
-0
-0
-0
-0
-0
-0
-0
-0
-0
-0
-0
-0
-0
-0
-0
-0
-0
-0
-0
-0
-0
-0
-0
-0
-0
-0
-0
-0
-0
-0
-0
-0
-0
-0
-0
-0
-0
-0
-0
-0
-0
-0
-0
-0
-0
-0
-0
-0
-0
-0
-0
-0
-0
-0
-0
-0
-0
-0
-0
-0
-0
-0
-0
-0
-0
-0
-0
-0
-0
-0
-0
-0
-0
-0
-0
-0
-0
-0
-0
-0
-0
-0
-0
-0
-0
-0
-0
-0
-0
-0
-0
-0
-0
-0
-0
-0
-0
-0
-0
-0
-0
-0
-0
-0
-0
-0
-0
-0
-0
-0
-0
-0
-0
-0
-0
-0
-0
-0
-0
-0
-0
-0
-0
-0
-0
-0
-0
-0
-0
-0
-0
-0
-0
-0
-0
-0
-0
-0
-0
-0
-0
-0
-0
-0
-0
-0
-0
-0
-0
-0
-0
-0
-0
-0
-0
-0
-0
-0
-0
-0
-0
-0
-0
-0
-0
-0
-0
-0
-0
-0
-0
-0
-0
-0
-0
-0
-0
-0
-0
-0
-0
-0
-0
-0
-0
-0
-0
-0
-0
-0
-0
-0
-0
-0
-0
-0
-0
-0
-0
-0
-0
-0
-0
-0
-0
-0
-0
-0
-0
-0
-0
-0
-0
-0
-0
-0
-0
-0
-0
-0
-0
-0
-0
-0
-0
-0
-0
-0
-0
-0
-0
-0
-0
-0
-0
-0
-0
-0
-0
-0
-0
-0
-0
-0
-0
-0
-0
-0
-0
-0
-0
-0
-0
-0
-0
-0
-0
-0
-0
-0
-0
-0
-0
-0
-0
-0
-0
-0
-0
-0
-0
-0
-0
-0
-0
-0
-0
-0
-0
-0
-0
-0
-0
-0
-0
-0
-0
-0
-0
-0
-0
-0
-0
-0
-0
-0
-0
-0
-0
-0
-0
-0
-0
-0
-0
-0
-0
-0
-0
-0
-0
-0
-0
-0
-0
-0
-0
-0
-0
-0
-0
-0
-0
-0
-0
-0
-0
-0
-0
-0
-0
-0
-0
-0
-0
-0
-0
-0
-0
-0
-0
-0
-0
-0
-0
-0
-0
-0
-0
-0
-0
-0
-0
-0
-0
-0
-0
-0
-0
-0
-0
-0
-0
-0
-0
-0
-0
-0
-0
-0
-0
-0
-0
-0
-0
-0
-0
-0
-0
-0
-0
-0
-0
-0
-0
-0
-0
-0
-0
-0
-0
-0
-0
-0
-0
-0
-0
-0
-0
-0
-0
-0
-0
-0
-0
-0
-0
-0
-0
-0
-0
-0
-0
-0
-0
-0
-0
-0
-0
-0
-0
-0
-0
-0
-0
-0
-0
-0
-0
-0
-0
-0
-0
-0
-0
-0
-0
-0
-0
-0
-0
-0
-0
-0
-0
-0
-0
-0
-0
-0
-0
-0
-0
-0
-0
-0
-0
-0
-0
-0
-0
-0
-0
-0
-0
-0
-0
-0
-0
-0
-0
-0
-0
-0
-0
-0
-0
-0
-0
-0
-0
-0
-0
-0
-0
-0
-0
-0
-0
-0
-0
-0
-0
-0
-0
-0
-0
-0
-0
-0
-0
-0
-0
-0
-0
-0
-0
-0
-0
-0
-0
-0
-0
-0
-0
-0
-0
-0
-0
-0
-0
-0
-0
-0
-0
-0
-0
-0
-0
-0
-0
-0
-0
-0
-0
-0
-0
-0
-0
-0
-0
-0
-0
-0
-0
-0
-0
-0
-0
-0
-0
-0
-0
-0
-0
-0
-0
-0
-0
-0
-0
-0
-0
-0
-0
-0
-0
-0
-0
-0
-0
-0
-0
-0
-0
-0
-0
-0
-0
-0
-0
-0
-0
-0
-0
-0
-0
-0
-0
-0
-0
-0
-0
-0
-0
-0
-0
-0
-0
-0
-0
-0
-0
-0
-0
-0
-0
-0
-0
-0
-0
-0
-0
-0
-0
-0
-0
-0
-0
-0
-0
-0
-0
-0
-0
-0
-0
-0
-0
-0
-0
-0
-0
-0
-0
-0
-0
-0
-0
-0
-0
-0
-0
-0
-0
-0
-0
-0
-0
-0
-0
-0
-0
-0
-0
-0
-0
-0
-0
-0
-0
-0
-0
-0
-0
-0
-0
-0
-0
-0
-0
-0
-0
-0
-0
-0
-0
-0
-0
-0
-0
-0
-0
-0
-0
-0
-0
-0
-0
-0
-0
-0
-0
-0
-0
-0
-0
-0
-0
-0
-0
-0
-0
-0
-0
-0
-0
-0
-0
-0
-0
-0
-0
-0
-0
-0
-0
-0
-0
-0
-0
-0
-0
-0
-0
-0
-0
-0
-0
-0
-0
-0
-0
-0
-0
-0
-0
-0
-0
-0
-0
-0
-0
-0
-0
-0
-0
-0
-0
-0
-0
-0
-0
-0
-0
-0
-0
-0
-0
-0
-0
-0
-0
-0
-0
-0
-0
-0
-0
-0
-0
-0
-0
-0
-0
-0
-0
-0
-0
-0
-0
-0
-0
-0
-0
-0
-0
-0
-0
-0
-0
-0
-0
-0
-0
-0
-0
-0
-0
-0
-0
-0
-0
-0
-0
-0
-0
-0
-0
-0
-0
-0
-0
-0
-0
-0
-0
-0
-0
-0
-0
-0
-0
-0
-0
-0
-0
-0
-0
-0
-0
-0
-0
-0
-0
-0
-0
-0
-0
-0
-0
-0
-0
-0
-0
-0
-0
-0
-0
-0
-0
-0
-0
-0
-0
-0
-0
-0
-0
-0
-0
-0
-0
-0
-0
-0
-0
-0
-0
-0
-0
-0
-0
-0
-0
-0
-0
-0
-0
-0
-0
-0
-0
-0
-0
-0
-0
-0
-0
-0
-0
-0
-0
-0
-0
-0
-0
-0
-0
-0
-0
-0
-0
-0
-0
-0
-0
-0
-0
-0
-0
-0
-0
-0
-0
-0
-0
-0
-0
-0
-0
-0
-0
-0
-0
-0
-0
-0
-0
-0
-0
-0
-0
-0
-0
-0
-0
-0
-0
-0
-0
-0
-0
-0
-0
-0
-0
-0
-0
-0
-0
-0
-0
-0
-0
-0
-0
-0
-0
-0
-0
-0
-0
-0
-0
-0
-0
-0
-0
-0
-0
-0
-0
-0
-0
-0
-0
-0
-0
-0
-0
-0
-0
-0
-0
-0
-0
-0
-0
-0
-0
-0
-0
-0
-0
-0
-0
-0
-0
-0
-0
-0
-0
-0
-0
-0
-0
-0
-0
-0
-0
-0
-0
-0
-0
-0
-0
-0
-0
-0
-0
-0
-0
-0
-0
-0
-0
-0
-0
-0
-0
-0
-0
-0
-0
-0
-0
-0
-0
-0
-0
-0
-0
-0
-0
-0
-0
-0
-0
-0
-0
-0
-0
-0
-0
-0
-0
-0
-0
-0
-0
-0
-0
-0
-0
-0
-0
-0
-0
-0
-0
-0
-0
-0
-0
-0
-0
-0
-0
-0
-0
-0
-0
-0
-0
-0
-0
-0
-0
-0
-0
-0
-0
-0
-0
-0
-0
-0
-0
-0
-0
-0
-0
-0
-0
-0
-0
-0
-0
-0
-0
-0
-0
-0
-0
-0
-0
-0
-0
-0
-0
-0
-0
-0
-0
-0
-0
-0
-0
-0
-0
-0
-0
-0
-0
-0
-0
-0
-0
-0
-0
-0
-0
-0
-0
-0
-0
-0
-0
-0
-0
-0
-0
-0
-0
-0
-0
-0
-0
-0
-0
-0
-0
-0
-0
-0
-0
-0
-0
-0
-0
-0
-0
-0
-0
-0
-0
-0
-0
-0
-0
-0
-0
-0
-0
-0
-0
-0
-0
-0
-0
-0
-0
-0
-0
-0
-0
-0
-0
-0
-0
-0
-0
-0
-0
-0
-0
-0
-0
-0
-0
-0
-0
-0
-0
-0
-0
-0
-0
-0
-0
-0
-0
-0
-0
-0
-0
-0
-0
-0
-0
-0
-0
-0
-0
-0
-0
-0
-0
-0
-0
-0
-0
-0
-0
-0
-0
-0
-0
-0
-0
-0
-0
-0
-0
-0
-0
-0
-0
-0
-0
-0
-0
-0
-0
-0
-0
-0
-0
-0
-0
-0
-0
-0
-0
-0
-0
-0
-0
-0
-0
-0
-0
-0
-0
-0
-0
-0
-0
-0
-0
-0
-0
-0
-0
-0
-0
-0
-0
-0
-0
-0
-0
-0
-0
-0
-0
-0
-0
-0
-0
-0
-0
-0
-0
-0
-0
-0
-0
-0
-0
-0
-0
-0
-0
-0
-0
-0
-0
-0
-0
-0
-0
-0
-0
-0
-0
-0
-0
-0
-0
-0
-0
-0
-0
-0
-0
-0
-0
-0
-0
-0
-0
-0
-0
-0
-0
-0
-0
-0
-0
-0
-0
-0
-0
-0
-0
-0
-0
-0
-0
-0
-0
-0
-0
-0
-0
-0
-0
-0
-0
-0
-0
-0
-0
-0
-0
-0
-0
-0
-0
-0
-0
-0
-0
-0
-0
-0
-0
-0
-0
-0
-0
-0
-0
-0
-0
-0
-0
-0
-0
-0
-0
-0
-0
-0
-0
-0
-0
-0
-0
-0
-0
-0
-0
-0
-0
-0
-0
-0
-0
-0
-0
-0
-0
-0
-0
-0
-0
-0
-0
-0
-0
-0
-0
-0
-0
-0
-0
-0
-0
-0
-0
-0
-0
-0
-0
-0
-0
-0
-0
-0
-0
-0
-0
-0
-0
-0
-0
-0
-0
-0
-0
-0
-0
-0
-0
-0
-0
-0
-0
-0
-0
-0
-0
-0
-0
-0
-0
-0
-0
-0
-0
-0
-0
-0
-0
-0
-0
-0
-0
-0
-0
-0
-0
-0
-0
-0
-0
-0
-0
-0
-0
-0
-0
-0
-0
-0
-0
-0
-0
-0
-0
-0
-0
-0
-0
-0
-0
-0
-0
-0
-0
-0
-0
-0
-0
-0
-0
-0
-0
-0
-0
-0
-0
-0
-0
-0
-0
-0
-0
-0
-0
-0
-0
-0
-0
-0
-0
-0
-0
-0
-0
-0
-0
-0
-0
-0
-0
-0
-0
-0
-0
-0
-0
-0
-0
-0
-0
-0
-0
-0
-0
-0
-0
-0
-0
-0
-0
-0
-0
-0
-0
-0
-0
-0
-0
-0
-0
-0
-0
-0
-0
-0
-0
-0
-0
-0
-0
-0
-0
-0
-0
-0
-0
-0
-0
-0
-0
-0
-0
-0
-0
-0
-0
-0
-0
-0
-0
-0
-0
-0
-0
-0
-0
-0
-0
-0
-0
-0
-0
-0
-0
-0
-0
-0
-0
-0
-0
-0
-0
-0
-0
-0
-0
-0
-0
-0
-0
-0
-0
-0
-0
-0
-0
-0
-0
-0
-0
-0
-0
-0
-0
-0
-0
-0
-0
-0
-0
-0
-0
-0
-0
-0
-0
-0
-0
-0
-0
-0
-0
-0
-0
-0
-0
-0
-0
-0
-0
-0
-0
-0
-0
-0
-0
-0
-0
-0
-0
-0
-0
-0
-0
-0
-0
-0
-0
-0
-0
-0
-0
-0
-0
-0
-0
-0
-0
-0
-0
-0
-0
-0
-0
-0
-0
-0
-0
-0
-0
-0
-0
-0
-0
-0
-0
-0
-0
-0
-0
-0
-0
-0
-0
-0
-0
-0
-0
-0
-0
-0
-0
-0
-0
-0
-0
-0
-0
-0
-0
-0
-0
-0
-0
-0
-0
-0
-0
-0
-0
-0
-0
-0
-0
-0
-0
-0
-0
-0
-0
-0
-0
-0
-0
-0
-0
-0
-0
-0
-0
-0
-0
-0
-0
-0
-0
-0
-0
-0
-0
-0
-0
-0
-0
-0
-0
-0
-0
-0
-0
-0
-0
-0
-0
-0
-0
-0
-0
-0
-0
-0
-0
-0
-0
-0
-0
-0
-0
-0
-0
-0
-0
-0
-0
-0
-0
-0
-0
-0
-0
-0
-0
-0
-0
-0
-0
-0
-0
-0
-0
-0
-0
-0
-0
-0
-0
-0
-0
-0
-0
-0
-0
-0
-0
-0
-0
-0
-0
-0
-0
-0
-0
-0
-0
-0
-0
-0
-0
-0
-0
-0
-0
-0
-0
-0
-0
-0
-0
-0
-0
-0
-0
-0
-0
-0
-0
-0
-0
-0
-0
-0
-0
-0
-0
-0
-0
-0
-0
-0
-0
-0
-0
-0
-0
-0
-0
-0
-0
-0
-0
-0
-0
-0
-0
-0
-0
-0
-0
-0
-0
-0
-0
-0
-0
-0
-0
-0
-0
-0
-0
-0
-0
-0
-0
-0
-0
-0
-0
-0
-0
-0
-0
-0
-0
-0
-0
-0
-0
-0
-0
-0
-0
-0
-0
-0
-0
-0
-0
-0
-0
-0
-0
-0
-0
-0
-0
-0
-0
-0
-0
-0
-0
-0
-0
-0
-0
-0
-0
-0
-0
-0
-0
-0
-0
-0
-0
-0
-0
-0
-0
-0
-0
-0
-0
-0
-0
-0
-0
-0
-0
-0
-0
-0
-0
-0
-0
-0
-0
-0
-0
-0
-0
-0
-0
-0
-0
-0
-0
-0
-0
-0
-0
-0
-0
-0
-0
-0
-0
-0
-0
-0
-0
-0
-0
-0
-0
-0
-0
-0
-0
-0
-0
-0
-0
-0
-0
-0
-0
-0
-0
-0
-0
-0
-0
-0
-0
-0
-0
-0
-0
-0
-0
-0
-0
-0
-0
-0
-0
-0
-0
-0
-0
-0
-0
-0
-0
-0
-0
-0
-0
-0
-0
-0
-0
-0
-0
-0
-0
-0
-0
-0
-0
-0
-0
-0
-0
-0
-0
-0
-0
-0
-0
-0
-0
-0
-0
-0
-0
-0
-0
-0
-0
-0
-0
-0
-0
-0
-0
-0
-0
-0
-0
-0
-0
-0
-0
-0
-0
-0
-0
-0
-0
-0
-0
-0
-0
-0
-0
-0
-0
-0
-0
-0
-0
-0
-0
-0
-0
-0
-0
-0
-0
-0
-0
-0
-0
-0
-0
-0
-0
-0
-0
-0
-0
-0
-0
-0
-0
-0
-0
-0
-0
-0
-0
-0
-0
-0
-0
-0
-0
-0
-0
-0
-0
-0
-0
-0
-0
-0
-0
-0
-0
-0
-0
-0
-0
-0
-0
-0
-0
-0
-0
-0
-0
-0
-0
-0
-0
-0
-0
-0
-0
-0
-0
-0
-0
-0
-0
-0
-0
-0
-0
-0
-0
-0
-0
-0
-0
-0
-0
-0
-0
-0
-0
-0
-0
-0
-0
-0
-0
-0
-0
-0
-0
-0
-0
-0
-0
-0
-0
-0
-0
-0
-0
-0
-0
-0
-0
-0
-0
-0
-0
-0
-0
-0
-0
-0
-0
-0
-0
-0
-0
-0
-0
-0
-0
-0
-0
-0
-0
-0
-0
-0
-0
-0
-0
-0
-0
-0
-0
-0
-0
-0
-0
-0
-0
-0
-0
-0
-0
-0
-0
-0
-0
-0
-0
-0
-0
-0
-0
-0
-0
-0
-0
-0
-0
-0
-0
-0
-0
-0
-0
-0
-0
-0
-0
-0
-0
-0
-0
-0
-0
-0
-0
-0
-0
-0
-0
-0
-0
-0
-0
-0
-0
-0
-0
-0
-0
-0
-0
-0
-0
-0
-0
-0
-0
-0
-0
-0
-0
-0
-0
-0
-0
-0
-0
-0
-0
-0
-0
-0
-0
-0
-0
-0
-0
-0
-0
-0
-0
-0
-0
-0
-0
-0
-0
-0
-0
-0
-0
-0
-0
-0
-0
-0
-0
-0
-0
-0
-0
-0
-0
-0
-0
-0
-0
-0
-0
-0
-0
-0
-0
-0
-0
-0
-0
-0
-0
-0
-0
-0
-0
-0
-0
-0
-0
-0
-0
-0
-0
-0
-0
-0
-0
-0
-0
-0
-0
-0
-0
-0
-0
-0
-0
-0
-0
-0
-0
-0
-0
-0
-0
-0
-0
-0
-0
-0
-0
-0
-0
-0
-0
-0
-0
-0
-0
-0
-0
-0
-0
-0
-0
-0
-0
-0
-0
-0
-0
-0
-0
-0
-0
-0
-0
-0
-0
-0
-0
-0
-0
-0
-0
-0
-0
-0
-0
-0
-0
-0
-0
-0
-0
-0
-0
-0
-0
-0
-0
-0
-0
-0
-0
-0
-0
-0
-0
-0
-0
-0
-0
-0
-0
-0
-0
-0
-0
-0
-0
-0
-0
-0
-0
-0
-0
-0
-0
-0
-0
-0
-0
-0
-0
-0
-0
-0
-0
-0
-0
-0
-0
-0
-0
-0
-0
-0
-0
-0
-0
-0
-0
-0
-0
-0
-0
-0
-0
-0
-0
-0
-0
-0
-0
-0
-0
-0
-0
-0
-0
-0
-0
-0
-0
-0
-0
-0
-0
-0
-0
-0
-0
-0
-0
-0
-0
-0
-0
-0
-0
-0
-0
-0
-0
-0
-0
-0
-0
-0
-0
-0
-0
-0
-0
-0
-0
-0
-0
-0
-0
-0
-0
-0
-0
-0
-0
-0
-0
-0
-0
-0
-0
-0
-0
-0
-0
-0
-0
-0
-0
-0
-0
-0
-0
-0
-0
-0
-0
-0
-0
-0
-0
-0
-0
-0
-0
-0
-0
-0
-0
-0
-0
-0
-0
-0
-0
-0
-0
-0
-0
-0
-0
-0
-0
-0
-0
-0
-0
-0
-0
-0
-0
-0
-0
-0
-0
-0
-0
-0
-0
-0
-0
-0
-0
-0
-0
-0
-0
-0
-0
-0
-0
-0
-0
-0
-0
-0
-0
-0
-0
-0
-0
-0
-0
-0
-0
-0
-0
-0
-0
-0
-0
-0
-0
-0
-0
-0
-0
-0
-0
-0
-0
-0
-0
-0
-0
-0
-0
-0
-0
-0
-0
-0
-0
-0
-0
-0
-0
-0
-0
-0
-0
-0
-0
-0
-0
-0
-0
-0
-0
-0
-0
-0
-0
-0
-0
-0
-0
-0
-0
-0
-0
-0
-0
-0
-0
-0
-0
-0
-0
-0
-0
-0
-0
-0
-0
-0
-0
-0
-0
-0
-0
-0
-0
-0
-0
-0
-0
-0
-0
-0
-0
-0
-0
-0
-0
-0
-0
-0
-0
-0
-0
-0
-0
-0
-0
-0
-0
-0
-0
-0
-0
-0
-0
-0
-0
-0
-0
-0
-0
-0
-0
-0
-0
-0
-0
-0
-0
-0
-0
-0
-0
-0
-0
-0
-0
-0
-0
-0
-0
-0
-0
-0
-0
-0
-0
-0
-0
-0
-0
-0
-0
-0
-0
-0
-0
-0
-0
-0
-0
-0
-0
-0
-0
-0
-0
-0
-0
-0
-0
-0
-0
-0
-0
-0
-0
-0
-0
-0
-0
-0
-0
-0
-0
-0
-0
-0
-0
-0
-0
-0
-0
-0
-0
-0
-0
-0
-0
-0
-0
-0
-0
-0
-0
-0
-0
-0
-0
-0
-0
-0
-0
-0
-0
-0
-0
-0
-0
-0
-0
-0
-0
-0
-0
-0
-0
-0
-0
-0
-0
-0
-0
-0
-0
-0
-0
-0
-0
-0
-0
-0
-0
-0
-0
-0
-0
-0
-0
-0
-0
-0
-0
-0
-0
-0
-0
-0
-0
-0
-0
-0
-0
-0
-0
-0
-0
-0
-0
-0
-0
-0
-0
-0
-0
-0
-0
-0
-0
-0
-0
-0
-0
-0
-0
-0
-0
-0
-0
-0
-0
-0
-0
-0
-0
-0
-0
-0
-0
-0
-0
-0
-0
-0
-0
-0
-0
-0
-0
-0
-0
-0
-0
-0
-0
-0
-0
-0
-0
-0
-0
-0
-0
-0
-0
-0
-0
-0
-0
-0
-0
-0
-0
-0
-0
-0
-0
-0
-0
-0
-0
-0
-0
-0
-0
-0
-0
-0
-0
-0
-0
-0
-0
-0
-0
-0
-0
-0
-0
-0
-0
-0
-0
-0
-0
-0
-0
-0
-0
-0
-0
-0
-0
-0
-0
-0
-0
-0
-0
-0
-0
-0
-0
-0
-0
-0
-0
-0
-0
-0
-0
-0
-0
-0
-0
-0
-0
-0
-0
-0
-0
-0
-0
-0
-0
-0
-0
-0
-0
-0
-0
-0
-0
-0
-0
-0
-0
-0
-0
-0
-0
-0
-0
-0
-0
-0
-0
-0
-0
-0
-0
-0
-0
-0
-0
-0
-0
-0
-0
-0
-0
-0
-0
-0
-0
-0
-0
-0
-0
-0
-0
-0
-0
-0
-0
-0
-0
-0
-0
-0
-0
-0
-0
-0
-0
-0
-0
-0
-0
-0
-0
-0
-0
-0
-0
-0
-0
-0
-0
-0
-0
-0
-0
-0
-0
-0
-0
-0
-0
-0
-0
-0
-0
-0
-0
-0
-0
-0
-0
-0
-0
-0
-0
-0
-0
-0
-0
-0
-0
-0
-0
-0
-0
-0
-0
-0
-0
-0
-0
-0
-0
-0
-0
-0
-0
-0
-0
-0
-0
-0
-0
-0
-0
-0
-0
-0
-0
-0
-0
-0
-0
-0
-0
-0
-0
-0
-0
-0
-0
-0
-0
-0
-0
-0
-0
-0
-0
-0
-0
-0
-0
-0
-0
-0
-0
-0
-0
-0
-0
-0
-0
-0
-0
-0
-0
-0
-0
-0
-0
-0
-0
-0
-0
-0
-0
-0
-0
-0
-0
-0
-0
-0
-0
-0
-0
-0
-0
-0
-0
-0
-0
-0
-0
-0
-0
-0
-0
-0
-0
-0
-0
-0
-0
-0
-0
-0
-0
-0
-0
-0
-0
-0
-0
-0
-0
-0
-0
-0
-0
-0
-0
-0
-0
-0
-0
-0
-0
-0
-0
-0
-0
-0
-0
-0
-0
-0
-0
-0
-0
-0
-0
-0
-0
-0
-0
-0
-0
-0
-0
-0
-0
-0
-0
-0
-0
-0
-0
-0
-0
-0
-0
-0
-0
-0
-0
-0
-0
-0
-0
-0
-0
-0
-0
-0
-0
-0
-0
-0
-0
-0
-0
-0
-0
-0
-0
-0
-0
-0
-0
-0
-0
-0
-0
-0
-0
-0
-0
-0
-0
-0
-0
-0
-0
-0
-0
-0
-0
-0
-0
-0
-0
-0
-0
-0
-0
-0
-0
-0
-0
-0
-0
-0
-0
-0
-0
-0
-0
-0
-0
-0
-0
-0
-0
-0
-0
-0
-0
-0
-0
-0
-0
-0
-0
-0
-0
-0
-0
-0
-0
-0
-0
-0
-0
-0
-0
-0
-0
-0
-0
-0
-0
-0
-0
-0
-0
-0
-0
-0
-0
-0
-0
-0
-0
-0
-0
-0
-0
-0
-0
-0
-0
-0
-0
-0
-0
-0
-0
-0
-0
-0
-0
-0
-0
-0
-0
-0
-0
-0
-0
-0
-0
-0
-0
-0
-0
-0
-0
-0
-0
-0
-0
-0
-0
-0
-0
-0
-0
-0
-0
-0
-0
-0
-0
-0
-0
-0
-0
-0
-0
-0
-0
-0
-0
-0
-0
-0
-0
-0
-0
-0
-0
-0
-0
-0
-0
-0
-0
-0
-0
-0
-0
-0
-0
-0
-0
-0
-0
-0
-0
-0
-0
-0
-0
-0
-0
-0
-0
-0
-0
-0
-0
-0
-0
-0
-0
-0
-0
-0
-0
-0
-0
-0
-0
-0
-0
-0
-0
-0
-0
-0
-0
-0
-0
-0
-0
-0
-0
-0
-0
-0
-0
-0
-0
-0
-0
-0
-0
-0
-0
-0
-0
-0
-0
-0
-0
-0
-0
-0
-0
-0
-0
-0
-0
-0
-0
-0
-0
-0
-0
-0
-0
-0
-0
-0
-0
-0
-0
-0
-0
-0
-0
-0
-0
-0
-0
-0
-0
-0
-0
-0
-0
-0
-0
-0
